1 per0 0.287485506385565 -0.0397109098622006
2 per1 0.163064769702032 2.57325216752385
3 per2 0.371174788335338 0.654374494533232
4 per3 0.752946974942461 -1.40455623402217
5 per4 0.625395386945456 1.54719250202713
6 per5 0.209751647431403 0.374236849593724
7 per6 0.272122367983684 -0.281908564724341
8 per7 0.324268369236961 -1.36498878342212
9 per8 0.57589818094857 1.71158574335923
10 per9 0.761106856167316 -0.359434939034726
11 per10 0.8760220867116 0.118225389975991
12 per11 0.283368467586115 -0.205563957729848
13 per12 0.599945428082719 0.764302015774678
14 per13 0.31529760803096 -1.84484711711962
15 per14 0.118017917964607 -0.971158402433015
16 per15 0.852290584240109 0.423622192506737
17 per16 0.623014198383316 -0.147708053822606
18 per17 0.0696811678353697 -1.07479948020711
19 per18 0.718359375139698 -0.285767292152228
20 per19 0.364794720197096 2.06999265210506
21 per20 0.690057120285928 0.520791903986532
22 per21 0.627177420305088 1.26794923030629
23 per22 0.960817565210164 -0.283749784969772
24 per23 0.968300089705735 -2.07014117639584
25 per24 0.68477750197053 1.48719257101768
26 per25 0.282925311010331 0.594474997631479
27 per26 0.726158353732899 0.720869939991218
28 per27 0.933652233332396 -0.0127389811677258
29 per28 0.975394983775914 -0.00180066140568642
30 per29 0.39908982324414 0.924866745875795
31 per30 0.928274106001481 0.934048670203716
32 per31 0.928615469485521 -0.59880589814346
33 per32 0.235221797600389 -0.528262992963801
34 per33 0.754423095844686 0.44463165276175
35 per34 0.201922384556383 -0.295453842563816
36 per35 0.849276826716959 0.456289803172432
37 per36 0.846014736918733 -0.51677814173604
38 per37 0.18918631109409 0.320662794151036
39 per38 0.582034235121682 0.436812131263997
40 per39 0.380161309614778 -0.225511551852065
41 per40 0.773236115463078 -0.204648721641294
42 per41 0.0607491065748036 -0.950232500917495
43 per42 0.714619623031467 2.92163165715065
44 per43 0.280292035313323 1.122810061706
45 per44 0.526681423187256 -1.55260563590265
46 per45 0.728012330131605 -0.0818053208010818
47 per46 0.959364421432838 -0.0998603684455155
48 per47 0.180277698440477 1.09712883243511
49 per48 0.513959874166176 1.13758909978756
50 per49 0.26588416704908 0.147613942180503
51 per50 0.612773163244128 0.777716521544248
52 per51 0.294377446407452 0.151144257174026
53 per52 0.777207649778575 2.55521532301066
54 per53 0.732270041713491 1.32799746403561
55 per54 0.764361756620929 0.217839708358259
56 per55 0.959932428551838 -1.5102202489189
57 per56 0.269836028805003 -0.134723383685053
58 per57 0.141968766227365 -0.586320776934474
59 per58 0.0925157070159912 1.81790804993412
60 per59 0.379073042888194 -0.0313604245278052
61 per60 0.94591664802283 0.70571981552629
62 per61 0.474452373338863 0.00713919745302053
63 per62 0.162736852420494 -0.725096940514208
64 per63 0.58693185960874 -1.74061759826867
65 per64 0.332494921749458 0.507059739998609
66 per65 0.954550478607416 0.33773493296355
67 per66 0.230816681170836 0.582080642842962
68 per67 0.633188853738829 0.267462291013911
69 per68 0.57395294867456 0.266757282343435
70 per69 0.635404869914055 1.08302089377263
71 per70 0.496295851189643 0.449169777201186
72 per71 0.454968051286414 -1.66826860810816
73 per72 0.444885268574581 1.29605959223899
74 per73 0.47266697161831 -0.570866976283593
75 per74 0.965530496323481 0.0100136360619077
76 per75 0.980617652647197 2.1585767033759
77 per76 0.139534565620124 0.225626972466768
78 per77 0.925150575349107 0.105240688621156
79 per78 0.826620043255389 -0.17045844112292
80 per79 0.97824221313931 -1.63469433546636
81 per80 0.674050779780373 1.3362272290608
82 per81 0.973589358385652 -3.02617501487709
83 per82 0.856104529928416 0.580692575283439
84 per83 0.844534099567682 -1.48421305428885
85 per84 0.547805499751121 -1.63152507245729
86 per85 0.529549930477515 0.645767075531439
87 per86 0.720305373892188 -0.287341118272825
88 per87 0.34827245445922 -1.13564356584662
89 per88 0.859700898872688 3.22809428133614
90 per89 0.485064295120537 -0.848366123218276
91 per90 0.625397686380893 -1.32564739708139
92 per91 0.253543596016243 -0.0790735341673259
93 per92 0.581399162765592 -0.818201011430711
94 per93 0.110130213201046 -0.679481590900136
95 per94 0.121282583335415 -0.0580953291748211
96 per95 0.633229376748204 0.45742365677723
97 per96 0.248433364089578 0.403882612700273
98 per97 0.975983335636556 0.541037232783254
99 per98 0.411086363252252 -0.486554816266474
100 per99 0.497914095176384 0.410328891314399
101 per100 0.771423673490062 0.522073790130214
102 per101 0.776916885748506 1.15457411637741
103 per102 0.011364501202479 0.275538588829458
104 per103 0.647257629781961 0.553169669294248
105 per104 0.990302038146183 -2.06212357721965
106 per105 0.0239475991111249 -0.23424051009396
107 per106 0.260142955929041 -1.66730174724687
108 per107 0.388759477762505 -0.528251754435613
109 per108 0.688989013666287 -0.2180832735405
110 per109 0.944543897407129 -0.188665998150141
111 per110 0.913500153692439 -0.553540439765718
112 per111 0.39416494499892 -0.577432292470226
113 per112 0.945609074085951 1.44923726863216
114 per113 0.197682878002524 -1.54502042785458
115 per114 0.829131494741887 1.84222507021295
116 per115 0.630724856164306 0.722168198355481
117 per116 0.430919192265719 -0.580430991423487
118 per117 0.944363939575851 -0.18390691799899
119 per118 0.45760205341503 -0.154654855126813
120 per119 0.316502113360912 -1.13027328689319
121 per120 0.410133539699018 0.764781084528072
122 per121 0.598157797707245 0.495116082453532
123 per122 0.715299227274954 1.29636908762879
124 per123 0.195821061730385 -0.0708641491372328
125 per124 0.462147334124893 1.80482285525259
126 per125 0.435403975192457 -1.27444607884464
127 per126 0.32067481870763 -0.464495886727976
128 per127 0.021316007245332 1.65220433850398
129 per128 0.913117654621601 0.191396343593279
130 per129 0.775617253500968 -0.973974316872094
131 per130 0.244182200403884 -1.09593086610357
132 per131 0.591515275882557 -0.125887027779466
133 per132 0.918263753410429 -0.451965330745642
134 per133 0.690160077065229 -1.39388854253625
135 per134 0.816105593694374 -0.850444532331153
136 per135 0.777085595298558 -2.86634372115415
137 per136 0.615453002974391 0.728835445097105
138 per137 0.190762817161158 0.417210932205431
139 per138 0.898758574388921 0.219905553618825
140 per139 0.389285614714026 -0.211312351419736
141 per140 0.0964087022002786 -0.696083353229459
142 per141 0.0197043095249683 -0.608572297776412
143 per142 0.889554691966623 0.873381512441636
144 per143 0.630517478333786 -2.31295050484809
145 per144 0.112716380972415 0.384207181453461
146 per145 0.614130132598802 0.681483952130066
147 per146 0.867695538094267 0.36712231737726
148 per147 0.64477105345577 -1.10910218813013
149 per148 0.12478428054601 -1.30129070842918
150 per149 0.913156258873641 -1.26028678518314
151 per150 0.0794716950040311 -1.0793014121701
152 per151 0.601908283075318 -0.120920153369783
153 per152 0.00384315429255366 0.934664022595178
154 per153 0.138035817071795 -0.519492140909136
155 per154 0.787833197508007 -0.917481024410623
156 per155 0.936660629464313 1.28353391705792
157 per156 0.363919724477455 0.973965721333161
158 per157 0.742510343668982 -0.658028190339614
159 per158 0.279628674732521 -1.79186311304058
160 per159 0.219704289687797 0.93657470527151
161 per160 0.340076962951571 -0.438210438720219
162 per161 0.0447076307609677 0.945132766099739
163 per162 0.789788265014067 -2.33435524885631
164 per163 0.0856707005295902 -0.723512015970323
165 per164 0.600295414682478 1.38116918936078
166 per165 0.43697664514184 0.182464431239167
167 per166 0.917779438430443 -1.84846816370185
168 per167 0.821231988724321 -0.14120375440271
169 per168 0.496305434498936 -1.27935260812466
170 per169 0.0333541561849415 0.232934780249419
171 per170 0.778180012479424 1.41144966338663
172 per171 0.643366066971794 0.0897003623353044
173 per172 0.441850004019216 -1.30430726159745
174 per173 0.767910091672093 -0.538996691659665
175 per174 0.971334341680631 0.300886346812315
176 per175 0.996152977691963 -1.17582649637522
177 per176 0.949626524699852 -0.516489529854845
178 per177 0.587695427006111 0.12812762353237
179 per178 0.0595278865657747 0.80156978145351
180 per179 0.516741735627875 -0.643394305916952
181 per180 0.73164835316129 0.263015884792169
182 per181 0.602799665881321 -1.11270929187331
183 per182 0.0214198394678533 -0.356348737007717
184 per183 0.972315951483324 1.33780419561551
185 per184 0.504144284175709 -0.900553696694138
186 per185 0.686418620171025 0.45953207256238
187 per186 0.275336432969198 -0.18668897528075
188 per187 0.962048896821216 1.25239559137003
189 per188 0.427511219866574 -1.53749075947366
190 per189 0.159397738287225 1.06476432786837
191 per190 0.462052019778639 1.57643390943929
192 per191 0.931939862901345 -0.941322964749775
193 per192 0.830252137966454 0.952688153764419
194 per193 0.796484085032716 -0.285154285784095
195 per194 0.137195784132928 -0.254682745170828
196 per195 0.667898408602923 0.318242146008365
197 per196 0.0391807602718472 -0.608903750905946
198 per197 0.958131424384192 -0.852300283769177
199 per198 0.537135149585083 -0.146209615994621
200 per199 0.53582833125256 -1.54767512374331
201 per200 0.600136277033016 1.20866937340892
202 per201 0.181351821869612 -0.0263987351570912
203 per202 0.995783128542826 -0.767629790577156
204 per203 0.464980368036777 0.858685351631504
205 per204 0.90435733506456 -1.37020508966462
206 per205 0.345010432880372 0.716729515959938
207 per206 0.218443238176405 0.8184499472309
208 per207 0.61077703232877 -0.181118542793364
209 per208 0.779089943505824 -0.0731948078848382
210 per209 0.836820725817233 0.689413813974879
211 per210 0.511828112183139 -0.577771513536457
212 per211 0.0634068890940398 1.15377012039163
213 per212 0.905820283573121 -1.6820987112063
214 per213 0.525806410238147 -0.273676849268611
215 per214 0.240100727882236 0.602171335986212
216 per215 0.559109840542078 0.951213554127974
217 per216 0.109754394972697 1.11997035940019
218 per217 0.666238023899496 -1.5491569059333
219 per218 0.517289056442678 0.502135568821413
220 per219 0.125070373993367 0.767144600564243
221 per220 0.63338165008463 -1.45202367683785
222 per221 0.1505896539893 0.111201482605949
223 per222 0.658082991139963 1.69859687586271
224 per223 0.0660904278047383 -1.21322256329915
225 per224 0.700282753212377 -0.00987637578648016
226 per225 0.657765394775197 1.30601915744108
227 per226 0.561202859971672 -1.2529762566874
228 per227 0.101397588849068 -1.30065744390552
229 per228 0.465456944424659 2.30656372684342
230 per229 0.0266392573248595 -1.75626005024908
231 per230 0.482228985754773 0.823323652139477
232 per231 0.58483430207707 0.576916578690855
233 per232 0.57040965044871 0.144090801339265
234 per233 0.789450153242797 -1.01888386627461
235 per234 0.542329039191827 0.174930676391897
236 per235 0.719062590273097 -0.68403182427825
237 per236 0.18120612972416 1.07858149295083
238 per237 0.170780287822708 -1.63224064197316
239 per238 0.0503740010317415 -1.39486816511975
240 per239 0.207998557714745 0.336749668707248
241 per240 0.751872221007943 -0.507322835798833
242 per241 0.807592942612246 -0.275615781176161
243 per242 0.875818829517812 0.809212066739889
244 per243 0.719044491881505 -1.44706101182713
245 per244 0.773293573409319 0.0418722937530306
246 per245 0.288952699163929 -0.285320745816883
247 per246 0.871047871187329 0.182635518268417
248 per247 0.905772757250816 -2.23347944514867
249 per248 0.705326298717409 1.54287381124513
250 per249 0.816587557317689 -2.04244077456823
251 per250 0.824400962563232 0.0453982232417618
252 per251 0.539194392506033 1.93779453883649
253 per252 0.76165197789669 -0.000978871939459427
254 per253 0.489788734121248 0.102448197911276
255 per254 0.58589347708039 1.36562664682373
256 per255 0.612035533878952 0.218824029183342
257 per256 0.89354786160402 -0.149080123741249
258 per257 0.429322785930708 -0.239678700773328
259 per258 0.52314280718565 0.0980876152241112
260 per259 0.536828047595918 0.46265738398583
261 per260 0.172678203554824 1.36718950357833
262 per261 0.738873995374888 0.919750544328331
263 per262 0.0358922448940575 -0.728423478979431
264 per263 0.598450012737885 -1.12205958828658
265 per264 0.332073936006054 0.717786775809463
266 per265 0.548895341344178 -0.445861221636344
267 per266 0.918508309172466 -0.0555438188635316
268 per267 0.16618031845428 0.0578303498662105
269 per268 0.458391334861517 0.198625845041172
270 per269 0.0381169067695737 0.364907027677873
271 per270 0.828566814539954 -1.49688856171361
272 per271 0.902923383982852 -0.150134572928725
273 per272 0.444880458526313 0.0446427933166629
274 per273 0.591689819470048 0.220693409906104
275 per274 0.514171515358612 0.15564853573966
276 per275 0.340744471177459 0.774968472512076
277 per276 0.728073411155492 0.171235335204613
278 per277 0.524729837663472 1.1231735767032
279 per278 0.86147765442729 -0.353212633371202
280 per279 0.838073999388143 -0.519361470678098
281 per280 0.534277019789442 -0.513735904902695
282 per281 0.628973435144871 -0.867424727163353
283 per282 0.566599512472749 -0.322800907790025
284 per283 0.893566703889519 2.16625817665539
285 per284 0.528540308354422 0.414303624632956
286 per285 0.906321490416303 0.755800065165528
287 per286 0.332569852238521 0.711971570771206
288 per287 0.18122944328934 -0.0677666679748513
289 per288 0.314745739335194 -0.260127360193442
290 per289 0.0366702228784561 -0.14118298225991
291 per290 0.00327972113154829 1.06229489054494
292 per291 0.47381060034968 -1.99045285110295
293 per292 0.611148650292307 -0.682664781049934
294 per293 0.48781854310073 -0.702911831537522
295 per294 0.945903535233811 0.627996389641111
296 per295 0.393714642617851 1.41454920021244
297 per296 0.140832772478461 0.422501679050392
298 per297 0.444060352165252 1.48176454376554
299 per298 0.624939654720947 0.131328826683341
300 per299 0.267298252787441 0.721163480817419
301 per300 0.0917255629319698 -1.26376201342759
302 per301 0.0459641215857118 -1.04982760657403
303 per302 0.638213561382145 -0.287927394520482
304 per303 0.0481200783979148 -1.60093842233189
305 per304 0.820497440639883 -0.4899245764478
306 per305 0.852249655406922 0.27439807086316
307 per306 0.850674807792529 0.193857303089298
308 per307 0.689775346312672 -0.872470713523128
309 per308 0.417378950631246 -0.0843033000538075
310 per309 0.874478972284123 0.600882509750333
311 per310 0.856419570744038 1.530943386376
312 per311 0.802131660515442 0.00601281741627862
313 per312 0.521014172583818 0.42358292689085
314 per313 0.687821107218042 0.805020249233272
315 per314 0.0545956115238369 1.3077128415586
316 per315 0.905755043961108 -0.184438078986057
317 per316 0.708049829350784 0.565486878446329
318 per317 0.727561882929876 0.32029070765504
319 per318 0.983711877837777 0.627084488681207
320 per319 0.930689190048724 -0.0356366220828032
321 per320 0.117350943619385 1.06445503686898
322 per321 0.354105691425502 0.183277709313056
323 per322 0.675921041984111 0.448382953290165
324 per323 0.225229512201622 -0.483026246101832
325 per324 0.274079092778265 0.0867123058637018
326 per325 0.99795065401122 0.401543005239226
327 per326 0.852083302102983 -1.23924321305862
328 per327 0.396701590390876 -0.272363917618795
329 per328 0.888149985810742 -1.41806301043828
330 per329 0.813521623145789 -0.341886425376461
331 per330 0.924309649504721 -0.0408766344642007
332 per331 0.509996159002185 0.508716620991431
333 per332 0.380721681052819 0.325898711165331
334 per333 0.395672859624028 -1.69182186573844
335 per334 0.928824353264645 2.50181671076538
336 per335 0.347360405605286 0.0608252753997458
337 per336 0.351466549793258 -1.37591749722605
338 per337 0.105301269562915 0.0357377133636895
339 per338 0.654658150393516 -0.932529891448615
340 per339 0.623973843175918 -0.399249835846425
341 per340 0.655327417654917 0.304430094192287
342 per341 0.505523090017959 -0.10626069648782
343 per342 0.210992038017139 0.220018292520486
344 per343 0.280162457376719 -0.0191296053962227
345 per344 0.531582151539624 0.748229979891028
346 per345 0.669969694223255 0.644873227916767
347 per346 0.107758920872584 0.380299748388113
348 per347 0.774504803353921 -0.765022519591296
349 per348 0.665279317647219 0.801880726123889
350 per349 0.692834140500054 -0.784506380075634
351 per350 0.719321629498154 0.0882777819540066
352 per351 0.165287079056725 -0.428982032581134
353 per352 0.00886026141233742 0.789470747038284
354 per353 0.413380047306418 0.270750231941235
355 per354 0.699316067155451 -0.273860623470015
356 per355 0.615697784582153 -2.21339022661119
357 per356 0.033169133355841 -0.456461610808002
358 per357 0.612096815835685 -0.258763093279574
359 per358 0.573937810026109 1.00675476810127
360 per359 0.680870929267257 0.050224944599157
361 per360 0.384097948437557 -0.206706490583714
362 per361 0.563156177522615 -1.84928363132961
363 per362 0.000773771433159709 -0.572051182287851
364 per363 0.384250985225663 0.590371203376172
365 per364 0.772639156784862 1.48243565024
366 per365 0.553249718621373 0.967084729931809
367 per366 0.694300647359341 0.580799258351931
368 per367 0.92846516543068 -1.08780336732758
369 per368 0.460872684372589 1.83344848752785
370 per369 0.579765609931201 -0.971427150909495
371 per370 0.0881503168493509 0.0136355627889928
372 per371 0.786484136246145 -0.269857474921788
373 per372 0.159097979543731 -0.420618340774247
374 per373 0.92073582764715 -0.643099267056088
375 per374 0.39488269505091 1.06273932236723
376 per375 0.881603877292946 0.798283981398325
377 per376 0.185152815189213 -1.53993292572166
378 per377 0.643350152298808 -0.325800313735509
379 per378 0.482318775262684 -1.23625114154139
380 per379 0.730866555124521 1.11033704599888
381 per380 0.839071108028293 -0.201028259616866
382 per381 0.789455680409446 1.07462441171746
383 per382 0.989203479606658 0.841696569721258
384 per383 0.684697414981201 0.842429511353525
385 per384 0.718753079418093 0.811762423839346
386 per385 0.218813991872594 0.893052273550961
387 per386 0.0791168734431267 1.66629191897034
388 per387 0.150558763882145 1.38681600440469
389 per388 0.475508907344192 2.41792739964182
390 per389 0.859876404283568 1.10333823771924
391 per390 0.68992647016421 -0.0534115532249309
392 per391 0.283495221985504 -0.859024433732146
393 per392 0.0564799674320966 0.380181251180644
394 per393 0.423497062176466 -0.933508386367688
395 per394 0.542582998052239 1.70690557822205
396 per395 0.534408493433148 -0.364748905808827
397 per396 0.609590370208025 0.0744537492251904
398 per397 0.451998144155368 -0.891577832357796
399 per398 0.782283384818584 0.554155845709905
400 per399 0.431041995063424 0.0639344070229998
401 per400 0.617918758420274 -0.640879933630517
402 per401 0.704472484299913 0.578691556544987
403 per402 0.852679007686675 1.0063869593747
404 per403 0.0559021539520472 0.817706483329124
405 per404 0.434787648031488 0.0726746011417318
406 per405 0.436098796082661 -2.50359016102942
407 per406 0.90079263644293 1.15166247083258
408 per407 0.380069834180176 -0.949441693245021
409 per408 0.455812318949029 1.56623731945327
410 per409 0.113743433728814 -1.02153595009194
411 per410 0.728630739729851 0.736045047901472
412 per411 0.779574769316241 -2.06337979917437
413 per412 0.090590360108763 -0.118134112935482
414 per413 0.151122098090127 0.98312500607778
415 per414 0.917500286363065 -0.913423654055641
416 per415 0.161342202452943 -1.46388908200187
417 per416 0.123959024203941 -0.808292637494964
418 per417 0.677265816833824 -0.851855465397054
419 per418 0.00345137459225953 0.538074003575172
420 per419 0.041893774876371 -0.559284400964318
421 per420 0.0894409674219787 0.320057105278435
422 per421 0.142270523589104 -0.295519337749478
423 per422 0.086929620243609 -0.333146723342538
424 per423 0.373287923866883 0.577296227480632
425 per424 0.129090545931831 -0.217483525394832
426 per425 0.669079666025937 -0.447885957126641
427 per426 0.0337480700109154 -0.724065567250935
428 per427 0.245131168281659 -0.351542327843756
429 per428 0.0128244929946959 0.709545409572491
430 per429 0.864117707358673 2.72362742712519
431 per430 0.665038365172222 -0.185405638832917
432 per431 0.452909291256219 -0.53899847773704
433 per432 0.848666873760521 -0.980350638397099
434 per433 0.96734606847167 -1.57478375351454
435 per434 0.436344685498625 0.278769903570902
436 per435 0.902525390032679 -0.591701707604087
437 per436 0.0844827995169908 0.0585629291656106
438 per437 0.47553485725075 0.807461552004914
439 per438 0.131189663428813 -0.106972704572164
440 per439 0.288798991823569 0.487945031829224
441 per440 0.063336786814034 -0.169988570433408
442 per441 0.333775372477248 0.599644875332058
443 per442 0.596496448852122 1.55906065494029
444 per443 0.597738089039922 -0.753545654491247
445 per444 0.908890452468768 0.241005805006072
446 per445 0.361107045784593 -0.850550133714964
447 per446 0.726992320735008 0.779963339270677
448 per447 0.266583446646109 -0.393576317497018
449 per448 0.537035203538835 2.70923936429702
450 per449 0.544408331625164 -0.0913620397664618
451 per450 0.397482184227556 1.02925120609227
452 per451 0.505194734316319 -1.20220604324152
453 per452 0.108389589004219 0.582123431224391
454 per453 0.506393210263923 -2.21303555422934
455 per454 0.876835294533521 -0.108007700134411
456 per455 0.163978712167591 1.80111889568569
457 per456 0.46241077920422 0.374982375911373
458 per457 0.438966055167839 -0.224088783119657
459 per458 0.936651859199628 -0.0510073501090664
460 per459 0.714155366644263 -0.296159935348802
461 per460 0.267444313969463 -0.637155135592111
462 per461 0.731583037646487 -0.477172063475253
463 per462 0.166389219928533 -1.3390481578291
464 per463 0.283337390981615 -2.17804746110502
465 per464 0.140089709311724 -0.255908981402921
466 per465 0.0300881089642644 -0.117739034137497
467 per466 0.588141026906669 0.1115835193833
468 per467 0.0222133938223124 -0.854657578518492
469 per468 0.575601029675454 -1.12592662634691
470 per469 0.194878569571301 1.36469608880802
471 per470 0.751606625737622 -1.91357931590331
472 per471 0.498763353563845 -1.33830070609796
473 per472 0.94845388433896 -0.861743118592328
474 per473 0.507401089882478 0.651886518192106
475 per474 0.820150660118088 -1.30386280857657
476 per475 0.486533712362871 -0.147828613714655
477 per476 0.900576288346201 0.831863449525939
478 per477 0.788523258175701 -0.828323579478942
479 per478 0.888178093126044 -0.12569282575481
480 per479 0.200753979384899 0.531146236143713
481 per480 0.614400010323152 -1.09873144440736
482 per481 0.998124942649156 0.816193219527801
483 per482 0.42939831642434 0.0221160555805815
484 per483 0.635613191174343 -0.588492270222299
485 per484 0.6869060639292 0.238400828643733
486 per485 0.939132526051253 1.35011395024963
487 per486 0.222830835962668 1.47077792137248
488 per487 0.132912356872112 0.839948117522972
489 per488 0.449220104608685 -0.0554092190294795
490 per489 0.453244333388284 0.295861486244564
491 per490 0.49506527511403 1.50212547786553
492 per491 0.0676065741572529 1.35906608837757
493 per492 0.814763124333695 -1.31157571765471
494 per493 0.49570034025237 0.54994564401524
495 per494 0.237579545471817 -0.743006242355108
496 per495 0.00315913930535316 0.714144115150287
497 per496 0.499305162345991 1.47899185312106
498 per497 0.498364883009344 -0.455581627739704
499 per498 0.195500470232219 -0.154221537117478
500 per499 0.109724632231519 -1.54704260908025
501 per500 0.0766096927691251 -1.04889624172554
502 per501 0.568531339289621 -0.293475375074503
503 per502 0.354159302078187 0.667292642998877
504 per503 0.249262623954564 0.704605424409161
505 per504 0.580672011710703 1.60741214703085
506 per505 0.770788189023733 -0.659964249005074
507 per506 0.857703778659925 0.113595489894022
508 per507 0.280697640497237 -0.57506541601649
509 per508 0.824304241221398 -0.209761219259203
510 per509 0.874070888850838 1.00516067799421
511 per510 0.643462345004082 0.641926542236017
512 per511 0.567061364883557 0.827295285569433
513 per512 0.867466698167846 0.632283095512659
514 per513 0.562175973784178 -0.091734863216036
515 per514 0.772455503698438 0.208967206280928
516 per515 0.406864466378465 0.721368539959399
517 per516 0.33798004547134 -1.3141922230161
518 per517 0.246456165332347 -0.829976308954609
519 per518 0.368404874112457 -0.821052527951402
520 per519 0.290539688663557 2.8653399682778
521 per520 0.579280841164291 -0.201946762467539
522 per521 0.983515448868275 -0.236711383076848
523 per522 0.231742551317438 -0.813040416621176
524 per523 0.208804944297299 -0.78087006371835
525 per524 0.963642052607611 -1.23772754697833
526 per525 0.724380116676912 -0.481362196537302
527 per526 0.054900050861761 -1.16991980175923
528 per527 0.339398443000391 -0.568263388159346
529 per528 0.564297497039661 -0.173424189947382
530 per529 0.581390357809141 -0.8634573170888
531 per530 0.671155895572156 0.0528211000252344
532 per531 0.851861041970551 -0.00351280069817833
533 per532 0.403313693823293 2.7310436479128
534 per533 0.0696778404526412 1.10174500519813
535 per534 0.140420540468767 0.636008333214468
536 per535 0.0335315566044301 0.187323836323869
537 per536 0.527733813039958 2.09665367849618
538 per537 0.485328364884481 -0.497951000627809
539 per538 0.429509555455297 1.47190154073118
540 per539 0.217951484490186 -0.79577516227174
541 per540 0.195170918945223 0.781092557810233
542 per541 0.843057653168216 -0.913854515462871
543 per542 0.64808851131238 -0.337368254264868
544 per543 0.538600145839155 1.44185423182775
545 per544 0.816248607356101 -0.196587643093461
546 per545 0.312926998129115 0.0134614791340687
547 per546 0.948597068665549 -0.148343396161051
548 per547 0.187310717999935 0.674797360541846
549 per548 0.0515582687221467 -2.0264076552338
550 per549 0.149261336773634 0.861672215136553
551 per550 0.871240084292367 0.0439811248206507
552 per551 0.843351134099066 0.153783005662919
553 per552 0.741618789499626 -1.10364039996035
554 per553 0.573991804616526 0.173399269101328
555 per554 0.804221372585744 0.339069736610959
556 per555 0.579169571399689 1.75493439400397
557 per556 0.532476771855727 -1.6865952177503
558 per557 0.514730030670762 -0.0440280181218974
559 per558 0.665113521274179 2.0192848427379
560 per559 0.250416534254327 -0.0659311463410137
561 per560 0.895665046526119 0.0957965872244122
562 per561 0.0576400666031986 -1.27850299746877
563 per562 0.485783078242093 1.31588397626641
564 per563 0.671275051543489 0.723558776624818
565 per564 0.168615091824904 0.182501334494752
566 per565 0.895063199102879 -1.03793297439089
567 per566 0.590081623988226 -1.05934307587041
568 per567 0.557885203743353 -1.20685633316944
569 per568 0.526430167490616 0.71580974274106
570 per569 0.618700843537226 1.31013903829246
571 per570 0.509103093761951 -0.484711154490398
572 per571 0.538146856240928 -0.565138559617094
573 per572 0.290856626816094 -0.603868768102463
574 per573 0.35036012576893 -0.400291128961309
575 per574 0.0778613651636988 1.88709019379865
576 per575 0.586316659580916 0.65635122950329
577 per576 0.0407080079894513 1.54313575096646
578 per577 0.590543689671904 1.01532332612387
579 per578 0.417230400722474 -0.949707422820212
580 per579 0.52157189277932 -0.545799331345893
581 per580 0.779295289888978 1.51102189149995
582 per581 0.8624556818977 -0.173235402677676
583 per582 0.766935636056587 -0.0819943301074139
584 per583 0.140759243164212 -0.224015464847629
585 per584 0.288317523896694 0.454818469273712
586 per585 0.408419128041714 -0.606825567655613
587 per586 0.374110759235919 -0.402842402824837
588 per587 0.562260313425213 -0.0145822632896135
589 per588 0.606272869277745 0.7308288088946
590 per589 0.478643480455503 0.238218418542102
591 per590 0.00283113215118647 -0.0685814553914435
592 per591 0.445518364431337 -0.3048085457133
593 per592 0.230229413835332 -0.716440200347245
594 per593 0.066290243761614 0.203257476029452
595 per594 0.82685974962078 0.318728507920301
596 per595 0.323906501987949 -0.937512698112972
597 per596 0.892128990031779 1.34803600459592
598 per597 0.768154026707634 -0.380003648149869
599 per598 0.169378105783835 -0.706668232125691
600 per599 0.151796205434948 0.180361304578888
601 per600 0.494108795886859 -0.365173942280016
602 per601 0.103255449095741 -1.12802725626307
603 per602 0.465841892175376 -0.294799550414564
604 per603 0.043972346233204 -0.39361684784681
605 per604 0.245524909114465 -0.809397272686069
606 per605 0.261127785546705 0.253292070832704
607 per606 0.949518590699881 -0.252697475053745
608 per607 0.760779143078253 0.140454158116656
609 per608 0.795745096867904 -0.902051909177928
610 per609 0.568545679328963 0.492992443436615
611 per610 0.887574501801282 -0.87449429181476
612 per611 0.502998430281878 -0.485137127094311
613 per612 0.858543269569054 -0.512860690163503
614 per613 0.932271632598713 0.136484754486801
615 per614 0.468536652158946 0.570548531450445
616 per615 0.286688211839646 0.761449943327608
617 per616 0.49083459447138 -0.0317800909766617
618 per617 0.33041571918875 0.174527335338567
619 per618 0.1789616253227 1.48561901899105
620 per619 0.207730683730915 0.649436548615483
621 per620 0.700876489048824 1.41113014494263
622 per621 0.479439445072785 0.105813781190284
623 per622 0.596022412879393 1.21188224541142
624 per623 0.96349098929204 -0.698043070471243
625 per624 0.531778933946043 1.90214608826441
626 per625 0.516735506476834 -0.484185599054434
627 per626 0.113838026998565 1.10137423167812
628 per627 0.707509639440104 1.32720195350594
629 per628 0.99993704422377 -1.38396639297578
630 per629 0.0354795642197132 0.805590798153395
631 per630 0.892364863306284 0.553668875852677
632 per631 0.152527548838407 -1.04359908026916
633 per632 0.897540235891938 0.24643676175965
634 per633 0.338647204218432 -0.308887249174755
635 per634 0.909489988582209 0.256129006298743
636 per635 0.230377621715888 -0.530121876939955
637 per636 0.101764036808163 0.552417515357203
638 per637 0.632631827145815 0.570380792160857
639 per638 0.863307742169127 0.705146314499559
640 per639 0.0769055574201047 -1.73580957136878
641 per640 0.021459732670337 -0.000124148394543173
642 per641 0.985883525107056 -0.683669418693114
643 per642 0.552094338694587 -1.11767444350356
644 per643 0.145987037569284 1.46573996659424
645 per644 0.391886350698769 -0.943462307234345
646 per645 0.277157987700775 0.95639637786936
647 per646 0.92063755937852 -0.581882231158642
648 per647 0.379044097848237 -1.85402676220451
649 per648 0.1129993153736 1.91433026682017
650 per649 0.563405642518774 -0.469248117810209
651 per650 0.662234952673316 1.13583857409677
652 per651 0.532250685151666 0.761175841205554
653 per652 0.00525029213167727 0.182983584897597
654 per653 0.313186056911945 -0.133158704890346
655 per654 0.169698773883283 -0.482794036721348
656 per655 0.487831656355411 0.446751068586022
657 per656 0.211159963160753 -0.103880534407502
658 per657 0.961132244439796 -0.562267756376428
659 per658 0.119901812868193 1.20756390216023
660 per659 0.595328350085765 0.375097468787772
661 per660 0.201434997143224 0.407499398504344
662 per661 0.702008584747091 0.76635071721679
663 per662 0.832974134245887 -1.40560756532884
664 per663 0.483944395789877 1.61928564073587
665 per664 0.202844685176387 -0.0293696958155361
666 per665 0.254497858230025 -0.612203320297373
667 per666 0.309104150161147 -0.1339078425725
668 per667 0.474057984771207 0.855936157304534
669 per668 0.98901409492828 1.1283643995154
670 per669 0.882020961027592 1.04568113957529
671 per670 0.0351287580560893 -0.688971122547293
672 per671 0.822312809759751 -1.05381886646061
673 per672 0.978779619093984 -1.05970018857198
674 per673 0.539638158399612 -1.18573327142179
675 per674 0.238248574081808 -0.915582238725939
676 per675 0.31959437741898 0.234815358531345
677 per676 0.742180643370375 -0.678913722261128
678 per677 0.670778867090121 1.41486124366793
679 per678 0.125921374652535 0.524176737294072
680 per679 0.90161920292303 -0.0384612693061524
681 per680 0.53683914989233 0.165960923494302
682 per681 0.167395887430757 -1.50987395320263
683 per682 0.264708027243614 1.45783233440033
684 per683 0.91320840222761 -0.462136851306963
685 per684 0.0981201571412385 -0.3336361750503
686 per685 0.877431560074911 -1.12888142772076
687 per686 0.29957737098448 0.479393319957945
688 per687 0.470399568788707 0.420367343099095
689 per688 0.41615755087696 -0.436197023121734
690 per689 0.414088861783966 -0.520002453769021
691 per690 0.283409389434382 0.423067219230529
692 per691 0.442803330719471 -0.982493472052268
693 per692 0.703168728388846 0.460755463419536
694 per693 0.689900949131697 -0.416967260235508
695 per694 0.70690466905944 0.343611986085288
696 per695 0.694999799365178 -1.15412038367099
697 per696 0.28500904305838 -2.02021887427079
698 per697 0.000582535285502672 1.73396826332021
699 per698 0.7516038720496 0.354505587671281
700 per699 0.294829007936642 0.705721868389859
701 per700 0.123973752837628 1.38212488159105
702 per701 0.651828852714971 -0.77667930325043
703 per702 0.326118195895106 -0.215478110282001
704 per703 0.180914852535352 -0.619148443894361
705 per704 0.120907401666045 1.08138028286271
706 per705 0.747859649127349 -1.17278430936851
707 per706 0.924503331305459 0.321317456180163
708 per707 0.0563995984848589 0.278612207570634
709 per708 0.503657351015136 2.8397722944284
710 per709 0.571534560993314 -0.625230390905047
711 per710 0.121940765762702 -1.18034223436444
712 per711 0.0427496707998216 -0.275283941305874
713 per712 0.81541086663492 -0.709628521671455
714 per713 0.609841590514407 0.184199316114849
715 per714 0.933928019599989 0.1312675226634
716 per715 0.408622007118538 -1.00717398326752
717 per716 0.205504584359005 -1.3285385391131
718 per717 0.686542478622869 0.54170107496889
719 per718 0.799316504271701 1.36645266112436
720 per719 0.392557397251949 1.62870816556194
721 per720 0.80207086680457 1.69814734523813
722 per721 0.210170710459352 0.256688363047707
723 per722 0.787566394312307 -0.0780063548765248
724 per723 0.109699583845213 -0.89904884366575
725 per724 0.778646684018895 -0.933340319268978
726 per725 0.310758557636291 -0.547619284489773
727 per726 0.513344837818295 0.142531216709586
728 per727 0.203285459661856 -0.83519302366529
729 per728 0.0213357438333333 -1.05498961789571
730 per729 0.539529257221147 -0.250279695190819
731 per730 0.423358806408942 -0.105100661937735
732 per731 0.892950968584046 -0.810159858137759
733 per732 0.259525579866022 -2.77177580068478
734 per733 0.39926772704348 -0.643855240391707
735 per734 0.820517505751923 -0.57484239384486
736 per735 0.095967065775767 0.189326502781371
737 per736 0.2108824334573 1.29764644845131
738 per737 0.818170004524291 -0.921403211619273
739 per738 0.973831796320155 1.66869695897559
740 per739 0.0327506554313004 -1.366738215946
741 per740 0.943764728726819 0.200462211201565
742 per741 0.480461661703885 0.396898244835082
743 per742 0.0796709551941603 -0.623696190179502
744 per743 0.930430335458368 -0.509176808510684
745 per744 0.536229141522199 -0.269401374471411
746 per745 0.907088398933411 -1.45243423404152
747 per746 0.8489146057982 0.0438729926695231
748 per747 0.667621090542525 0.504033832093273
749 per748 0.758123008068651 -0.0645742754335685
750 per749 0.391241124598309 -1.04525439488396
751 per750 0.233083776896819 0.722777067424526
752 per751 0.58529884647578 -1.71321234158579
753 per752 0.282075956230983 0.636731951642104
754 per753 0.638219968182966 -0.522914827854733
755 per754 0.801684655249119 0.956374926378178
756 per755 0.0549655070062727 1.52676605615406
757 per756 0.741746430285275 0.898919405437014
758 per757 0.789479591185227 -0.240089693314645
759 per758 0.0544473901391029 -0.683561931012797
760 per759 0.136791197117418 0.018576331741804
761 per760 0.922506242059171 0.145048795398403
762 per761 0.251764403656125 -1.52214091145712
763 per762 0.965051968581975 0.944378630989087
764 per763 0.968536186031997 -1.03393858859431
765 per764 0.081683361902833 1.18604984120612
766 per765 0.0301988497376442 0.0990066571876076
767 per766 0.305544332833961 -1.0858534949013
768 per767 0.953750539338216 -1.3119024976282
769 per768 0.941644098609686 0.268830818853008
770 per769 0.711323915747926 -1.29831057518344
771 per770 0.0726532258559018 0.146794807036832
772 per771 0.246936162468046 -1.71647092735778
773 per772 0.462451613973826 0.391286759304395
774 per773 0.372459944104776 1.65627580369067
775 per774 0.852212099125609 -0.749892964800283
776 per775 0.136495437007397 -1.04560608555441
777 per776 0.251985796261579 1.95763093708928
778 per777 0.171745645580813 0.98024784327273
779 per778 0.930320812156424 1.19254136397202
780 per779 0.587193753803149 -0.0442995679244752
781 per780 0.551224274560809 0.321075311798437
782 per781 0.459443054161966 1.51459859230731
783 per782 0.269379973877221 -0.423642170365555
784 per783 0.345177122857422 0.835287466089241
785 per784 0.358674049377441 -0.369180393281345
786 per785 0.394788877805695 0.311197535561964
787 per786 0.29376443172805 -0.370692368048777
788 per787 0.0371295434888452 -0.260985643696309
789 per788 0.592947073513642 -0.867116401874495
790 per789 0.503983397735283 -0.669182363298201
791 per790 0.527260004775599 0.399343224328005
792 per791 0.823128322372213 0.701219636429414
793 per792 0.992089047795162 -1.14962325914674
794 per793 0.416265145177022 0.0769600414112402
795 per794 0.590811163187027 -0.555063409700306
796 per795 0.672676251269877 0.00100691204445431
797 per796 0.589282466331497 -0.300288794226648
798 per797 0.861798240570351 0.235489893115569
799 per798 0.683244805783033 -0.790802382768132
800 per799 0.263634785078466 0.0701850176500686
801 per800 0.917835390893742 2.19474046598055
802 per801 0.374172154115513 -0.867389651962427
803 per802 0.582387443399057 -0.464146391166611
804 per803 0.29157059895806 1.09048799794423
805 per804 0.160090753110126 -1.08192643604458
806 per805 0.825584511738271 -0.621845039910494
807 per806 0.729285478591919 0.0495068425402222
808 per807 0.961475631222129 0.735786128622665
809 per808 0.6325177422259 0.0839714049107971
810 per809 0.737919456558302 0.867690232817722
811 per810 0.376768424874172 0.32440751017638
812 per811 0.364956255070865 1.12266396442812
813 per812 0.299480859888718 -0.824954043741626
814 per813 0.677652325015515 2.29614739479158
815 per814 0.797742421273142 -0.243096162931236
816 per815 0.67047133599408 -0.506302919902566
817 per816 0.790785655379295 0.2068792658217
818 per817 0.547174059553072 0.792608718781599
819 per818 0.0582674955949187 -1.33325134635935
820 per819 0.720437300857157 0.641357982910617
821 per820 0.858071425696835 0.278896331506373
822 per821 0.66716335923411 -0.923790225338091
823 per822 0.637799785472453 -1.52094062624145
824 per823 0.07616764632985 0.411491474243462
825 per824 0.602883854648098 0.5301389452157
826 per825 0.859376684529707 -1.07012427359749
827 per826 0.720187839586288 -0.786836809548323
828 per827 0.912022077245638 -0.778687763171501
829 per828 0.539159858366475 -0.116821744808452
830 per829 0.058173232479021 0.614727215580121
831 per830 0.882041274569929 -0.4937228726307
832 per831 0.167235949542373 0.0620309744702167
833 per832 0.188949727686122 -0.814776177421818
834 per833 0.288297177525237 0.422457103672159
835 per834 0.962290878174827 0.669834731720711
836 per835 0.616139227291569 -0.00402741141399778
837 per836 0.166401186957955 -0.183248946804628
838 per837 0.562260081060231 -2.08580674491011
839 per838 0.446778376819566 1.83914013598664
840 per839 0.0182196428067982 -0.982505780971747
841 per840 0.729469526093453 -0.789784990061453
842 per841 0.699220580980182 0.846545483810475
843 per842 0.285875650821254 -0.783203779619633
844 per843 0.471282327314839 -1.09322056383868
845 per844 0.931614180328324 -0.956388384270819
846 per845 0.61770114954561 0.172476161688689
847 per846 0.835176354506984 -0.2261342129673
848 per847 0.764069045661017 0.0944264638835541
849 per848 0.358654734212905 -0.203363057192895
850 per849 0.985844824230298 1.63005745768466
851 per850 0.516612177249044 -1.27073665251703
852 per851 0.213783297687769 -1.68698130516085
853 per852 0.387718060053885 -0.0876343722493284
854 per853 0.251413894351572 -0.787880738596063
855 per854 0.485925813904032 -0.959150352701783
856 per855 0.762490540742874 0.502970565848897
857 per856 0.347866224590689 1.54676627713665
858 per857 0.757406419143081 -0.472257776380368
859 per858 0.148776699788868 -0.200192473398084
860 per859 0.118935955921188 -0.163260231085868
861 per860 0.966551834717393 -0.546060247042058
862 per861 0.652190317865461 0.03032099719774
863 per862 0.276532287010923 1.18430764935353
864 per863 0.237874052254483 -0.227378047544895
865 per864 0.501055327476934 -1.39358486738908
866 per865 0.860645067412406 -0.157932283595657
867 per866 0.293100545648485 0.571912324887379
868 per867 0.489075054880232 1.32090945833858
869 per868 0.920989938080311 -1.35019041163882
870 per869 0.845567794982344 0.250653296967043
871 per870 0.624987981515005 -0.300129280059694
872 per871 0.44716994301416 -1.05644215179509
873 per872 0.799367841798812 -0.254055907514345
874 per873 0.910069750389084 0.0901257632310256
875 per874 0.168537682620808 0.909157882719674
876 per875 0.310411167563871 -0.349744757432054
877 per876 0.927337863249704 1.83068858128905
878 per877 0.474511619191617 0.306369781244005
879 per878 0.213149724993855 -0.350811719552126
880 per879 0.705611652927473 0.750386915626106
881 per880 0.994169561192393 -1.5212493609629
882 per881 0.909196115331724 -0.571072205330088
883 per882 0.910846978891641 1.26457360811766
884 per883 0.488387276884168 0.199156779847251
885 per884 0.301922067767009 -0.144724459856962
886 per885 0.876444606343284 1.1987983341412
887 per886 0.199036732316017 1.05830040566676
888 per887 0.128832808695734 -1.39456232606659
889 per888 0.948393045924604 -0.0684330695596451
890 per889 0.656576615059748 -0.253480536094627
891 per890 0.302656535524875 0.963130262386182
892 per891 0.195350136840716 0.362388699500978
893 per892 0.93552529392764 0.15930067005325
894 per893 0.613624461693689 -0.391435083134296
895 per894 0.706914300797507 -0.0680202076718055
896 per895 0.653636305127293 -0.018496964949785
897 per896 0.168204308720306 0.0607300611657384
898 per897 0.012943496229127 -0.261055527607261
899 per898 0.452570161782205 -0.320681214692789
900 per899 0.966412057634443 -0.150783355373332
901 per900 0.0867904773913324 -1.8525961364001
902 per901 0.226429209345952 1.24675784531472
903 per902 0.584450625814497 0.657417240513964
904 per903 0.892418531235307 -0.648872959265258
905 per904 0.517478731926531 0.639553237450493
906 per905 0.663088779896498 -0.78933182069493
907 per906 0.538952768081799 -0.345337916344559
908 per907 0.911487337667495 -0.958999312052731
909 per908 0.714603500440717 -1.19524436317423
910 per909 0.322711165063083 1.11774726563097
911 per910 0.159783399431035 1.37273686170985
912 per911 0.0812455164268613 -1.28207380908087
913 per912 0.471327173989266 -0.0207218129249576
914 per913 0.83243447355926 0.29995355062757
915 per914 0.804808511165902 -0.109777018331505
916 per915 0.54229958052747 0.0903928223956709
917 per916 0.301777050597593 -0.533386188985983
918 per917 0.368158077122644 0.910325137026784
919 per918 0.869487615069374 -1.24018258861562
920 per919 0.469851500121877 1.06771868894302
921 per920 0.0837041172198951 0.887837746355413
922 per921 0.16422443697229 -0.912893379044107
923 per922 0.237704933388159 -0.662687079853825
924 per923 0.541197850601748 0.891665733056409
925 per924 0.627432076958939 -0.973517566502655
926 per925 0.319073825143278 -0.891174060360274
927 per926 0.875279849860817 0.00858518363276431
928 per927 0.943979296600446 1.22857165740058
929 per928 0.264950183220208 -0.468719084556668
930 per929 0.155635209521279 0.827251005870403
931 per930 0.759759525535628 1.44783683540134
932 per931 0.627250402234495 -0.13688351713692
933 per932 0.459566584788263 -0.567376774776436
934 per933 0.756872294703498 1.18359805696351
935 per934 0.846330997068435 -0.487189534264579
936 per935 0.321731776697561 0.69326973271211
937 per936 0.915341045241803 -0.719572271289448
938 per937 0.464617516845465 0.0119959376477368
939 per938 0.374270977219567 -0.921174997180321
940 per939 0.46290339063853 -0.0320880710033267
941 per940 0.805528281955048 0.849164879924178
942 per941 0.0107839121483266 -0.0999136803950673
943 per942 0.300196959637105 -1.69355123872746
944 per943 0.270858686184511 -0.556483947309117
945 per944 0.922379512107 0.952050597840983
946 per945 0.602059426950291 0.763685385931877
947 per946 0.999418628634885 0.983959527019036
948 per947 0.612227857578546 -2.29729541442784
949 per948 0.333366183098406 -0.119641128679428
950 per949 0.765773679129779 -0.0132995631594251
951 per950 0.527637023245916 1.70663662819103
952 per951 0.89049797016196 -1.00535267783475
953 per952 0.610930561786518 1.81277268008623
954 per953 0.784745803102851 -1.22587754558734
955 per954 0.103934703394771 0.975587481465474
956 per955 0.0518854677211493 -0.198001953412294
957 per956 0.454190840944648 0.0422654597964272
958 per957 0.656979138264433 0.615976204736319
959 per958 0.0424974418710917 0.734934125092681
960 per959 0.722619769629091 0.614932019348391
961 per960 0.912001578370109 0.833684841314918
962 per961 0.851619408698753 0.629137113748558
963 per962 0.329959289403632 0.7238088413218
964 per963 0.191063020145521 0.0782230385110257
965 per964 0.0972824033815414 -0.660608320885768
966 per965 0.549738252302632 -1.10283949268291
967 per966 0.1012185101863 1.49091660156848
968 per967 0.494327811524272 0.507856133089449
969 per968 0.97187830763869 1.38390224632237
970 per969 0.81316357338801 -1.14554478144275
971 per970 0.437836931785569 -1.75182274626493
972 per971 0.0217519975267351 -0.0582881682080767
973 per972 0.88559296913445 1.67234916209459
974 per973 0.847884136019275 0.781692548456659
975 per974 0.0341719766147435 0.570561747152658
976 per975 0.613542481558397 -1.22700740090527
977 per976 0.579391230596229 0.3697279868899
978 per977 0.245841649593785 -0.83845061714331
979 per978 0.722509803948924 0.773367351568069
980 per979 0.718881064094603 -1.16930602325655
981 per980 0.577745037851855 0.0196062483234333
982 per981 0.872020777780563 -0.59264055463924
983 per982 0.882839020574465 1.14595023004628
984 per983 0.760516886832193 -1.55287151231294
985 per984 0.343444195110351 1.37632344705111
986 per985 0.699775401037186 -1.28336006661096
987 per986 0.737150323111564 -0.0812257050848702
988 per987 0.466368322260678 -0.120013513608988
989 per988 0.705371275544167 1.0403767416325
990 per989 0.847094483906403 1.14559102530204
991 per990 0.67548307357356 -0.953990582440759
992 per991 0.580316828330979 0.758786458313905
993 per992 0.433954680571333 0.842971278427664
994 per993 0.173613455379382 0.463785508234984
995 per994 0.516040844609961 -1.26181126089394
996 per995 0.292504208395258 0.746189621683884
997 per996 0.749230047222227 2.00400512244587
998 per997 0.513954765861854 1.48644459661892
999 per998 0.304554031696171 0.117978127357804
1000 per999 0.121175201609731 0.812360577171808
1001 per1000 0.412682114634663 0.919717882673888
1002 per1001 0.416535025695339 -0.714917761706193
1003 per1002 0.173880880931392 0.537079065884849
1004 per1003 0.689921177923679 -0.983526163593923
1005 per1004 0.795507155358791 0.0257720576859641
1006 per1005 0.905041310703382 0.887905699753527
1007 per1006 0.240372454747558 0.826571482425568
1008 per1007 0.130482074571773 -0.758316572954207
1009 per1008 0.565953094046563 0.434812405785841
1010 per1009 0.886272519594058 -1.08556206424509
1011 per1010 0.377128537977114 0.668618878153096
1012 per1011 0.00605776603333652 1.11909556415959
1013 per1012 0.45475740917027 -0.727445836062545
1014 per1013 0.190931215882301 1.39815121983544
1015 per1014 0.949798251735047 -0.846796452958646
1016 per1015 0.480158323654905 1.07199018004019
1017 per1016 0.62817418272607 -1.86376923076269
1018 per1017 0.527462693396956 -0.304231057112237
1019 per1018 0.512786139268428 2.6914412720145
1020 per1019 0.45764970080927 0.435122696774848
1021 per1020 0.0457379671279341 -0.734686077660968
1022 per1021 0.058423389447853 0.973485989791055
1023 per1022 0.247795346425846 0.00704181337298775
1024 per1023 0.96598378685303 -0.990252983994722
1025 per1024 0.29675282118842 0.618505062475222
1026 per1025 0.244306002510712 1.11016926100195
1027 per1026 0.449036916252226 0.47862373591162
1028 per1027 0.459656894207001 0.0217309228322356
1029 per1028 0.923334078164771 -0.87159650352495
1030 per1029 0.362351661548018 -0.36833756321122
1031 per1030 0.501847829436883 0.130374616711207
1032 per1031 0.51877758721821 -0.885238916586988
1033 per1032 0.125333907548338 -0.20717468548872
1034 per1033 0.582778265466914 -1.00419233598306
1035 per1034 0.898483888944611 -0.782897250535177
1036 per1035 0.793940551113337 -0.293403259067164
1037 per1036 0.00953608099371195 0.820545251424212
1038 per1037 0.762241812655702 -1.50394556064192
1039 per1038 0.0150625158566982 0.340134879601758
1040 per1039 0.753571099834517 -1.03142139371803
1041 per1040 0.275992916431278 0.97909267884123
1042 per1041 0.874282208736986 0.230798858819679
1043 per1042 0.380916954716668 -0.0374701616790819
1044 per1043 0.411214777734131 -0.185200738354324
1045 per1044 0.0687449078541249 -0.0363979205354102
1046 per1045 0.281237204326317 -0.76639465067679
1047 per1046 0.997727905865759 -1.03790627290147
1048 per1047 0.99357566377148 -1.02498185773714
1049 per1048 0.160863210214302 1.02537899993328
1050 per1049 0.724960591644049 -0.713231789085385
1051 per1050 0.646401155740023 1.29057669889978
1052 per1051 0.893903302727267 0.509539039666037
1053 per1052 0.926321691600606 1.65458494108002
1054 per1053 0.396542691625655 -0.943518771685573
1055 per1054 0.663326870882884 0.253643894517896
1056 per1055 0.3327041415032 -1.22789902457124
1057 per1056 0.400414404924959 0.306256848943295
1058 per1057 0.872776740929112 -0.9897929656145
1059 per1058 0.624146681977436 0.0251417143591002
1060 per1059 0.358219056623057 -0.723270290305531
1061 per1060 0.0719286559615284 1.51990809288159
1062 per1061 0.792679167585447 1.19075683660086
1063 per1062 0.283912038197741 -0.579036371780432
1064 per1063 0.672211659839377 0.0843227973269787
1065 per1064 0.242177157429978 -0.879340861555624
1066 per1065 0.573177134385332 0.998405045608857
1067 per1066 0.481000476516783 -0.20776901348702
1068 per1067 0.924382829340175 0.294672953059792
1069 per1068 0.949916439363733 1.63347464435369
1070 per1069 0.886783635942265 -0.154207033493894
1071 per1070 0.415280629415065 -2.16975991333928
1072 per1071 0.000786760589107871 2.23050676902933
1073 per1072 0.556404841365293 0.591161266418055
1074 per1073 0.533172038849443 0.0408425806791503
1075 per1074 0.662052731728181 0.298233002153966
1076 per1075 0.651569054462016 -1.10291826901183
1077 per1076 0.172273682197556 0.267446760720932
1078 per1077 0.611019522417337 -1.97238237304725
1079 per1078 0.941070144996047 -1.31829773799028
1080 per1079 0.701352197676897 -0.822247883968178
1081 per1080 0.854025730164722 -0.626565451016256
1082 per1081 0.384963040007278 -0.0239250304860924
1083 per1082 0.698741332162172 0.175763146549857
1084 per1083 0.353388223797083 0.157522002668511
1085 per1084 0.193376761628315 0.0613609747886791
1086 per1085 0.0284935908857733 -1.04436208827794
1087 per1086 0.478421085514128 -0.312257882331269
1088 per1087 0.129992021247745 -0.333374669538348
1089 per1088 0.402430373942479 0.799662205577484
1090 per1089 0.311170452507213 0.898751606342217
1091 per1090 0.101241713622585 -0.615923947029702
1092 per1091 0.425103788496926 1.16400811767599
1093 per1092 0.863119140965864 -1.25926171187721
1094 per1093 0.708117018919438 0.633026381936358
1095 per1094 0.964968394022435 0.31185301393296
1096 per1095 0.26577312219888 -1.44182160971496
1097 per1096 0.76728932140395 0.0120175753655764
1098 per1097 0.896143683465198 -0.452891822152003
1099 per1098 0.336517432704568 0.286514007555616
1100 per1099 0.927413593279198 1.60057125740833
1101 per1100 0.0419545711483806 -0.184179617145333
1102 per1101 0.141248667612672 -1.21336265816482
1103 per1102 0.503681929782033 0.00345140210778343
1104 per1103 0.0328413003589958 -1.0100201819529
1105 per1104 0.201124785235152 0.632093986197091
1106 per1105 0.458786776289344 3.13683759678517
1107 per1106 0.759054366732016 -0.744063853782594
1108 per1107 0.365320279961452 -0.416607585695206
1109 per1108 0.0580267161130905 -0.00463876310423621
1110 per1109 0.759498907951638 0.570398367117614
1111 per1110 0.342802840750664 -0.499682219332493
1112 per1111 0.0238512528594583 -0.216868076425949
1113 per1112 0.837857615668327 -0.774438162745741
1114 per1113 0.111851857276633 0.52835824756354
1115 per1114 0.483253399375826 0.0636666176905166
1116 per1115 0.891543413512409 -0.120685452532118
1117 per1116 0.715431511169299 -0.139346716794797
1118 per1117 0.803968045627698 0.614589971419251
1119 per1118 0.83800520026125 -0.0084114162473638
1120 per1119 0.0422087735496461 0.626020114450199
1121 per1120 0.355849712621421 -1.57823692636096
1122 per1121 0.105243066092953 -0.546205786230293
1123 per1122 0.416271501220763 1.52483936834321
1124 per1123 0.625163186341524 0.44752674146969
1125 per1124 0.764883741736412 0.832558523756799
1126 per1125 0.654203843092546 0.163939448828256
1127 per1126 0.567343445494771 0.373351072454533
1128 per1127 0.427251054905355 1.96910791839629
1129 per1128 0.493814065353945 -1.5479563846943
1130 per1129 0.260221768403426 1.17212592064331
1131 per1130 0.649096810026094 0.756143012834959
1132 per1131 0.555412124143913 -1.98813242574234
1133 per1132 0.368349697208032 0.872283116415256
1134 per1133 0.1950601011049 -1.11704849702774
1135 per1134 0.355957152787596 -1.10361830925725
1136 per1135 0.795257527148351 -2.62692478601597
1137 per1136 0.161233451450244 1.31143376959922
1138 per1137 0.495056364918128 -0.199350146752939
1139 per1138 0.584273249376565 0.0186604724629117
1140 per1139 0.0553520419634879 0.825635827830925
1141 per1140 0.0891291666775942 -0.330458422567029
1142 per1141 0.819325167452917 0.22178817337291
1143 per1142 0.0976437467616051 -0.538441287714411
1144 per1143 0.699772893451154 -1.58074516097859
1145 per1144 0.190548645798117 -0.521088573207853
1146 per1145 0.0546734100207686 -0.386832112949187
1147 per1146 0.142791976919398 0.98594823099299
1148 per1147 0.487160729477182 0.980514405469925
1149 per1148 0.212668997235596 -0.0688529654814059
1150 per1149 0.0696815550327301 -0.214591861961768
1151 per1150 0.802062222966924 -0.265699024387226
1152 per1151 0.0018360004760325 -1.20930607112466
1153 per1152 0.954497045837343 -0.0796664938826229
1154 per1153 0.534154145978391 0.55240135089481
1155 per1154 0.062702655326575 -0.104161569276689
1156 per1155 0.926600491860881 -0.615614379126294
1157 per1156 0.587605375098065 0.269271567129419
1158 per1157 0.91099045262672 -1.52745271366125
1159 per1158 0.893442746484652 0.227001856838907
1160 per1159 0.484089937526733 -0.879646768013412
1161 per1160 0.386274253949523 1.97348240850394
1162 per1161 0.0669160869438201 0.311341455593497
1163 per1162 0.801464272430167 -0.492526942271241
1164 per1163 0.538975262548774 0.120427407965067
1165 per1164 0.757916901726276 -0.157037688799304
1166 per1165 0.169172295602039 0.493286198974537
1167 per1166 0.954729069955647 0.22942214279468
1168 per1167 0.420551989693195 -0.189134673491068
1169 per1168 0.694563277997077 1.10523535068356
1170 per1169 0.314046456478536 -2.07396001467633
1171 per1170 0.71561330370605 0.330302938687255
1172 per1171 0.378201307496056 1.45701628695587
1173 per1172 0.927864965051413 0.208415639675934
1174 per1173 0.500247742049396 0.47075507644954
1175 per1174 0.76695636450313 -0.894602078218189
1176 per1175 0.619713393738493 0.00473487271979466
1177 per1176 0.249248978681862 2.42118891871895
1178 per1177 0.482522160047665 1.17126784770091
1179 per1178 0.925195889547467 0.0818594421092556
1180 per1179 0.120780391385779 -1.00010520684185
1181 per1180 0.744602755410597 -0.487530335788112
1182 per1181 0.476230753352866 -1.53903845987961
1183 per1182 0.709090018412098 -0.0940446680322658
1184 per1183 0.901597627205774 1.1067542128979
1185 per1184 0.335245410678908 -0.947812408062785
1186 per1185 0.878784619038925 -0.353744447311294
1187 per1186 0.446851175045595 -0.706351705751972
1188 per1187 0.459813195746392 1.72842916595236
1189 per1188 0.20906630740501 0.400086053874662
1190 per1189 0.941810790915042 -1.4687559546695
1191 per1190 0.295779200503603 0.282078500554761
1192 per1191 0.320785319898278 1.14301291882135
1193 per1192 0.435667378129438 -0.419236018322473
1194 per1193 0.514559363946319 -1.85773608473712
1195 per1194 0.69071226217784 -1.52667963775381
1196 per1195 0.161746881669387 1.00220355240193
1197 per1196 0.441733038751408 -0.25568846137208
1198 per1197 0.64067836268805 0.302316863992175
1199 per1198 0.0258156899362803 0.830497208300921
1200 per1199 0.685673715081066 -0.839735037949125
1201 per1200 0.922208451665938 0.654990553268823
1202 per1201 0.419640066102147 0.660727237019494
1203 per1202 0.979013444390148 0.0833443959281972
1204 per1203 0.0963121792301536 -0.632296345106424
1205 per1204 0.399922230280936 1.76100874793934
1206 per1205 0.896818827837706 -0.546050100737397
1207 per1206 0.348396313842386 0.656928599989105
1208 per1207 0.200334511697292 1.18879273206391
1209 per1208 0.641712472541258 -0.0949410436562034
1210 per1209 0.0387618653476238 0.659566231894635
1211 per1210 0.875401592813432 0.222440043962889
1212 per1211 0.377308738185093 -0.344345772277564
1213 per1212 0.604565778980032 -0.360990459805233
1214 per1213 0.909104996360838 0.852805878791725
1215 per1214 0.246949980268255 0.453227210275752
1216 per1215 0.821288850391284 -0.725958947036161
1217 per1216 0.079234677599743 1.27298841491929
1218 per1217 0.758665316272527 1.465574390271
1219 per1218 0.321167192189023 -0.0169357233461193
1220 per1219 0.520117357838899 0.348448755125834
1221 per1220 0.827629731036723 -1.52897014166797
1222 per1221 0.175234847934917 0.0153751408521228
1223 per1222 0.53757606819272 0.0220105912191824
1224 per1223 0.489571364829317 2.08288720070205
1225 per1224 0.952180978609249 0.0785718521098951
1226 per1225 0.763468595454469 1.98531965992033
1227 per1226 0.943374382099137 0.685196055259977
1228 per1227 0.171192318666726 0.460986360781814
1229 per1228 0.286806112388149 1.06723848645865
1230 per1229 0.280587081098929 -0.0493514688888435
1231 per1230 0.257838405203074 -1.01827220284645
1232 per1231 0.943955238908529 0.230523119290581
1233 per1232 0.429096622392535 0.808573693179554
1234 per1233 0.734958828659728 -0.225688530557697
1235 per1234 0.336875011445954 -3.15908255868865
1236 per1235 0.901844308013096 -1.68458874266759
1237 per1236 0.325697005959228 0.253381823060268
1238 per1237 0.135623591952026 0.187457996737181
1239 per1238 0.142364913364872 0.546380901642281
1240 per1239 0.312330056680366 0.0639728632949162
1241 per1240 0.221040499396622 -0.367636084266357
1242 per1241 0.995802121469751 -0.60644777862047
1243 per1242 0.797700300114229 1.41306842615895
1244 per1243 0.312173248734325 0.909517114970741
1245 per1244 0.705554567743093 -0.0196975436854921
1246 per1245 0.255075433058664 0.421248109062734
1247 per1246 0.0712975033093244 0.506465532282326
1248 per1247 0.206449855584651 -0.120430966597264
1249 per1248 0.0183342436794192 0.368913793157777
1250 per1249 0.621953777968884 -1.21629960920779
1251 per1250 0.114691169466823 -1.73837301734884
1252 per1251 0.233005428221077 -0.459695609597143
1253 per1252 0.0528976507484913 -0.206396127964025
1254 per1253 0.977636932395399 -1.48866212672606
1255 per1254 0.0846848024521023 -0.69060740310753
1256 per1255 0.325142150744796 -1.65532533708356
1257 per1256 0.163495118962601 -2.02526569285152
1258 per1257 0.983132673194632 0.00964240194870077
1259 per1258 0.719144345726818 0.826785521199217
1260 per1259 0.582872084807605 -0.242279873332758
1261 per1260 0.974429344991222 2.13134947754613
1262 per1261 0.429512076312676 -0.310411878741467
1263 per1262 0.777345552342013 0.109275832087708
1264 per1263 0.534811238991097 -0.2271865037699
1265 per1264 0.288381834514439 1.10383043571939e-05
1266 per1265 0.204540605423972 -1.25489207911618
1267 per1266 0.959057160886005 0.962407848812714
1268 per1267 0.953585868701339 1.26474364267121
1269 per1268 0.0963576307985932 1.81392609746875
1270 per1269 0.74833559570834 0.873214532387308
1271 per1270 0.231005373643711 1.086191191718
1272 per1271 0.40718624740839 -1.52193572902258
1273 per1272 0.813134816708043 -1.04565583892496
1274 per1273 0.26667450577952 -0.59799559997666
1275 per1274 0.711473065195605 0.223358499854468
1276 per1275 0.104846440721303 0.225370872334066
1277 per1276 0.466655452735722 0.309249760789547
1278 per1277 0.249390626326203 -0.250790573288059
1279 per1278 0.46033348608762 -0.495965915491989
1280 per1279 0.212853471748531 -0.13214009579561
1281 per1280 0.620340486057103 -0.0481776516231438
1282 per1281 0.391307046636939 -2.70099497578563
1283 per1282 0.343132161535323 -0.738323876149324
1284 per1283 0.63838401553221 -0.387019510787845
1285 per1284 0.80691095883958 -0.677384411786794
1286 per1285 0.863549313973635 -0.675580512527068
1287 per1286 0.693180645816028 1.504261196209
1288 per1287 0.833414103137329 0.422923980025701
1289 per1288 0.756564940325916 -2.09997748373671
1290 per1289 0.326250224374235 -0.0359190110127387
1291 per1290 0.485774834873155 -1.27026649867037
1292 per1291 0.525151607114822 0.514214013741237
1293 per1292 0.530721063027158 1.97520813323893
1294 per1293 0.249647894874215 -1.32033486221509
1295 per1294 0.327794149285182 -0.364273744162263
1296 per1295 0.853862000396475 -0.68366954639064
1297 per1296 0.286634176736698 -0.0632495339545185
1298 per1297 0.577084115706384 -0.532000743699635
1299 per1298 0.068446323974058 0.338547629497599
1300 per1299 0.492660636547953 -0.886796166315779
1301 per1300 0.0250762079376727 -0.931174303354791
1302 per1301 0.130576841766015 1.89071980527744
1303 per1302 0.263196986867115 0.178429375027412
1304 per1303 0.101392755284905 -0.242009768098559
1305 per1304 0.299146509962156 -2.40604346085905
1306 per1305 0.754449351457879 -0.10644227006185
1307 per1306 0.48356732702814 0.732428417135672
1308 per1307 0.348462962312624 1.12518599163233
1309 per1308 0.175609569996595 0.471827384395707
1310 per1309 0.480155540397391 0.198821209260787
1311 per1310 0.332470540190116 -0.315338546388693
1312 per1311 0.632581781828776 1.01607817039655
1313 per1312 0.148598839063197 0.59150615530149
1314 per1313 0.463759945938364 1.96879840849815
1315 per1314 0.623295247321948 -2.63153940933485
1316 per1315 0.808990676654503 -0.446552092750977
1317 per1316 0.0916404926683754 -1.22005207132626
1318 per1317 0.493934081867337 1.02586422168406
1319 per1318 0.105104298796505 1.69910034563828
1320 per1319 0.442633842816576 -1.66608793006051
1321 per1320 0.83804814144969 -0.277877532376694
1322 per1321 0.646932158153504 1.34924967165572
1323 per1322 0.941556560574099 -0.252490487405229
1324 per1323 0.535748017253354 0.763922603989714
1325 per1324 0.368947225390002 0.169231379125934
1326 per1325 0.772207248955965 0.350977200163267
1327 per1326 0.70713776233606 -0.145054322512984
1328 per1327 0.25963525637053 0.0731312328343589
1329 per1328 0.786641030339524 1.33646321193038
1330 per1329 0.942992551950738 0.905724655811247
1331 per1330 0.615965529810637 -0.295702099719421
1332 per1331 0.368056053062901 -1.31267786210851
1333 per1332 0.827178721083328 0.465692512437085
1334 per1333 0.888305481988937 0.0760174755949841
1335 per1334 0.100178946275264 0.317667446558132
1336 per1335 0.740135587984696 0.00753394594701493
1337 per1336 0.389735272387043 -0.673171729149082
1338 per1337 0.19849757454358 -1.94916152238962
1339 per1338 0.149340918986127 -0.654013913984055
1340 per1339 0.314293253235519 0.206584684262088
1341 per1340 0.453065356472507 0.341862124272161
1342 per1341 0.760853346437216 -1.46213223963516
1343 per1342 0.658831944921985 1.06132709164088
1344 per1343 0.406014902284369 -0.32389655130894
1345 per1344 0.801912569440901 1.28855612151001
1346 per1345 0.64782441733405 0.128832666290127
1347 per1346 0.720570392208174 0.847999592302947
1348 per1347 0.783153431722894 0.193922756500201
1349 per1348 0.780246121110395 -0.441956539943105
1350 per1349 0.287932208972052 -0.606825767715665
1351 per1350 0.359278642805293 -0.327113858965336
1352 per1351 0.631732881534845 -0.731622435830553
1353 per1352 0.632196766790003 -0.0742607599117381
1354 per1353 0.377431703498587 -0.211838490876211
1355 per1354 0.248954874230549 0.521864034500135
1356 per1355 0.642903826665133 0.44051904020229
1357 per1356 0.749287530314177 0.768187740778313
1358 per1357 0.641706559574232 -2.82972058645318
1359 per1358 0.333630306180567 1.38347258094789
1360 per1359 0.631430878071114 0.720574805099565
1361 per1360 0.81547071877867 1.18316584039992
1362 per1361 0.501288772793487 -0.433399290755174
1363 per1362 0.671160694677383 -0.0325453955918264
1364 per1363 0.979892460163683 -1.2524235851678
1365 per1364 0.10773161216639 0.346320935085095
1366 per1365 0.147462424589321 0.109971636707684
1367 per1366 0.368524501100183 -0.507667907783667
1368 per1367 0.81918522156775 1.19358256987873
1369 per1368 0.937729262979701 -0.772680753522505
1370 per1369 0.204857401782647 0.628010263040188
1371 per1370 0.976386592490599 -0.764709385519678
1372 per1371 0.0435252343304455 0.699067183557707
1373 per1372 0.649574551731348 -2.23615175629485
1374 per1373 0.386177545646206 -0.754258620527968
1375 per1374 0.67495064297691 1.11005897957532
1376 per1375 0.975313147995621 0.273906407621636
1377 per1376 0.0725331222638488 0.461782292474337
1378 per1377 0.908826196799055 1.25976853125029
1379 per1378 0.769727944163606 -0.131863647997446
1380 per1379 0.881698226556182 -0.311225948030603
1381 per1380 0.1714699678123 -1.49706736684108
1382 per1381 0.788458162220195 -0.942022306653951
1383 per1382 0.281044733477756 1.25452166790631
1384 per1383 0.586496436037123 -1.87894685750201
1385 per1384 0.912384411785752 1.13222220120001
1386 per1385 0.218361013568938 -0.243916451829849
1387 per1386 0.370088694384322 1.13422283622452
1388 per1387 0.00106220343150198 1.51043010143466
1389 per1388 0.518192688236013 -0.404241321883291
1390 per1389 0.981823209440336 0.176452686584594
1391 per1390 0.1170557604637 0.0337765831321497
1392 per1391 0.455063094617799 1.22809256218386
1393 per1392 0.501053339103237 -0.454425062913558
1394 per1393 0.832005457254127 -1.19791692194658
1395 per1394 0.825365628581494 -0.650232802214966
1396 per1395 0.0493439559359103 0.428362324798933
1397 per1396 0.942871564999223 0.173807764101201
1398 per1397 0.803379021584988 0.897315451281001
1399 per1398 0.288285801419988 0.76183691771841
1400 per1399 0.527367521775886 0.2756800777598
1401 per1400 0.629100691527128 0.204934397818384
1402 per1401 0.0852576273027807 -1.7838265294604
1403 per1402 0.858065414940938 -0.687432180129895
1404 per1403 0.440319619840011 1.4836477639439
1405 per1404 0.480627191718668 0.272041636260033
1406 per1405 0.228393121622503 -0.887365789283311
1407 per1406 0.0310337638948113 -0.281052888676856
1408 per1407 0.85855760704726 2.12282601762911
1409 per1408 0.437627616804093 -0.668166758405073
1410 per1409 0.824193879729137 -1.05951051497207
1411 per1410 0.546345826471224 0.580377161115921
1412 per1411 0.235791990533471 0.0151532873253249
1413 per1412 0.830616744467989 -0.496306430223774
1414 per1413 0.280913989292458 -0.185019171891685
1415 per1414 0.6937465085648 0.356298666878992
1416 per1415 0.4814742077142 0.995587526921385
1417 per1416 0.806331037543714 -0.543728212478111
1418 per1417 0.00184967159293592 -1.31458866625311
1419 per1418 0.56080782879144 -0.459907640742646
1420 per1419 0.107858984963968 -1.26868315919186
1421 per1420 0.0346321477554739 0.522670726168812
1422 per1421 0.210512167075649 -0.341976084935021
1423 per1422 0.694070823257789 -0.59895833044219
1424 per1423 0.534025274217129 -1.49990684564614
1425 per1424 0.787608001381159 -1.57125796430177
1426 per1425 0.493888961384073 0.669725215612819
1427 per1426 0.15660965652205 -1.44256871538511
1428 per1427 0.468895995756611 0.701528412021359
1429 per1428 0.537031380459666 -0.640049197571744
1430 per1429 0.153603742830455 2.0859704295866
1431 per1430 0.273684827843681 -1.71145333151174
1432 per1431 0.694383119465783 0.63059004233906
1433 per1432 0.576670523267239 -0.907268987230076
1434 per1433 0.978346585994586 -1.08867278909626
1435 per1434 0.211871143197641 -0.78372194785175
1436 per1435 0.426420542644337 -0.501553429367568
1437 per1436 0.739912167191505 -0.234791897409343
1438 per1437 0.136923650978133 -1.87187986076789
1439 per1438 0.177710058866069 -1.17110523402566
1440 per1439 0.342954353429377 0.324576357012911
1441 per1440 0.919097835896537 -0.824680409869241
1442 per1441 0.675809598760679 0.754372800159309
1443 per1442 0.184148916974664 0.239199427306162
1444 per1443 0.87786029977724 -0.337269103766825
1445 per1444 0.582333631580696 0.622166817751386
1446 per1445 0.555639807134867 -0.99153553725694
1447 per1446 0.414548405446112 1.32197674590869
1448 per1447 0.000410894863307476 0.650583638474224
1449 per1448 0.404514748603106 1.43702878773472
1450 per1449 0.87718641362153 1.46477209021795
1451 per1450 0.374893349828199 -0.214566235734854
1452 per1451 0.655147184617817 0.412279299291109
1453 per1452 0.62016311311163 -0.81078222594798
1454 per1453 0.836385110160336 -0.647365992893242
1455 per1454 0.832426188979298 -0.46132121050115
1456 per1455 0.0451304372400045 -1.18271767038184
1457 per1456 0.911336722783744 1.28084827098444
1458 per1457 0.0998083525337279 -0.341970555186786
1459 per1458 0.935045928461477 0.514366131699125
1460 per1459 0.0793635295704007 0.968128968737704
1461 per1460 0.181057469686493 1.37997152100523
1462 per1461 0.762298715533689 1.87629946954748
1463 per1462 0.102295763324946 0.421882441379878
1464 per1463 0.916105362586677 -0.13440063109854
1465 per1464 0.719667066121474 1.20268652388247
1466 per1465 0.795929171610624 0.894292571701144
1467 per1466 0.469766635447741 -1.94843915336703
1468 per1467 0.0032429713755846 -1.40307850219106
1469 per1468 0.532301522791386 0.00670304238573056
1470 per1469 0.324638173682615 0.56549863301487
1471 per1470 0.326275563566014 -1.2310147834061
1472 per1471 0.492372797103599 -2.0985114576168
1473 per1472 0.390680639771745 1.66789128945197
1474 per1473 0.346164844930172 0.492235962642193
1475 per1474 0.703065532492474 -0.123063063528644
1476 per1475 0.170223037246615 -0.591719388210036
1477 per1476 0.233208915917203 -0.723553607551475
1478 per1477 0.312591252615675 0.460701192585435
1479 per1478 0.107764559797943 0.93490587265885
1480 per1479 0.879339363658801 0.901668015035647
1481 per1480 0.717600550502539 0.399166593962629
1482 per1481 0.850302493199706 0.112195277677032
1483 per1482 0.0237315613776445 0.185134560960411
1484 per1483 0.0394977955147624 -0.999609172107278
1485 per1484 0.855981627479196 -1.21897085757821
1486 per1485 0.588142829248682 0.0767218375662402
1487 per1486 0.137203240068629 -1.45041692989618
1488 per1487 0.0131502526346594 0.1845671052781
1489 per1488 0.453587206080556 0.641480812044893
1490 per1489 0.918149978388101 0.416330594555656
1491 per1490 0.115396153414622 -0.283177671242484
1492 per1491 0.991121928906068 1.94478160282005
1493 per1492 0.277675776509568 -1.28134733071372
1494 per1493 0.849657920422032 -2.44362477305134
1495 per1494 0.0833124276250601 0.91089793397884
1496 per1495 0.109697791514918 0.886264285903808
1497 per1496 0.864530109334737 0.0596715842968766
1498 per1497 0.481479359092191 0.855991047525762
1499 per1498 0.744675113353878 1.13126076558159
1500 per1499 0.874808085849509 0.696192065849258
1501 per1500 0.646263246657327 -1.68299700184092
1502 per1501 0.109712476143613 0.421504916732029
1503 per1502 0.0903542202431709 0.622152005980758
1504 per1503 0.51648514973931 0.481491191137051
1505 per1504 0.646788324229419 -0.474472142514272
1506 per1505 0.23014855128713 -0.276675338234152
1507 per1506 0.346655688714236 1.93489047862557
1508 per1507 0.0993218279909343 -1.84186591322243
1509 per1508 0.454913150519133 1.01042885145452
1510 per1509 0.521524715935811 0.641417715191397
1511 per1510 0.827649464597926 -0.312135894110512
1512 per1511 0.482641492737457 1.4063128462965
1513 per1512 0.66095397179015 0.488310954688008
1514 per1513 0.5347858609166 1.02256502196065
1515 per1514 0.318271015770733 0.252659097295867
1516 per1515 0.586800014600158 -0.123968701643947
1517 per1516 0.622233462752774 1.03861892558994
1518 per1517 0.957408319925889 -0.120836948164334
1519 per1518 0.0803407945204526 0.841779657911824
1520 per1519 0.073028344893828 -0.771595052953898
1521 per1520 0.852669954299927 -0.783830997111449
1522 per1521 0.477695065317675 -1.64793345475707
1523 per1522 0.563738347962499 0.898653732666166
1524 per1523 0.523447551531717 -1.01896740102047
1525 per1524 0.751842661527917 0.375695602539788
1526 per1525 0.694102260982618 0.703880556768692
1527 per1526 0.235682490514591 2.15023904343012
1528 per1527 0.680873410776258 -1.91950631169071
1529 per1528 0.616167438449338 -0.246376140187445
1530 per1529 0.607117207255214 -0.48810328711579
1531 per1530 0.953762472840026 -0.509512133193123
1532 per1531 0.470154679380357 0.990904392949665
1533 per1532 0.330608634045348 0.0966834740019949
1534 per1533 0.320147240534425 -0.120932451706397
1535 per1534 0.908270647050813 -0.0130013804696251
1536 per1535 0.951714312424883 -0.322111552279682
1537 per1536 0.45509695680812 -0.162827203479425
1538 per1537 0.569602578645572 -0.271984522829921
1539 per1538 0.27312817890197 0.816088021435389
1540 per1539 0.790062934160233 -0.701501356850916
1541 per1540 0.401716893073171 -0.167532618127232
1542 per1541 0.299421960953623 -0.582616775257661
1543 per1542 0.842588868923485 -0.18576646119706
1544 per1543 0.160009942250326 -0.224914582393652
1545 per1544 0.878220456652343 -0.778193686742992
1546 per1545 0.59411682933569 0.15654223018526
1547 per1546 0.577284290920943 0.336811774461865
1548 per1547 0.00691619608551264 1.0621436378854
1549 per1548 0.649182075401768 -2.36453192410333
1550 per1549 0.520635820226744 -1.54949864176193
1551 per1550 0.32981092389673 0.044788730560406
1552 per1551 0.910441745771095 -1.25795922090108
1553 per1552 0.0181072452105582 -0.354470911078213
1554 per1553 0.182102532824501 1.25393651014145
1555 per1554 0.670573419891298 -0.489136572355662
1556 per1555 0.0763357621617615 0.160789199583903
1557 per1556 0.596333624096587 -0.0500531999182918
1558 per1557 0.45448257913813 -1.7149784073881
1559 per1558 0.22859055059962 -0.44716243796377
1560 per1559 0.941958447685465 0.55759075066022
1561 per1560 0.996796728577465 0.381206500987269
1562 per1561 0.199757742229849 -0.273724583430455
1563 per1562 0.649330420186743 -1.47419420847988
1564 per1563 0.478743283310905 -0.150362690269539
1565 per1564 0.527118158759549 2.41548367751432
1566 per1565 0.147097763372585 -0.546510635682123
1567 per1566 0.740469010081142 -0.359954859416179
1568 per1567 0.877927298191935 0.237743789511208
1569 per1568 0.444679183419794 -0.00742021852290178
1570 per1569 0.180048485985026 -0.116363625150958
1571 per1570 0.24262814829126 -2.73469964620088
1572 per1571 0.717715487116948 2.07360210677087
1573 per1572 0.317133213859051 0.518926322127392
1574 per1573 0.216971855144948 0.288572960498855
1575 per1574 0.331993802217767 -1.01702093576842
1576 per1575 0.81551948748529 -1.14633265210818
1577 per1576 0.062090931693092 -1.33228995529273
1578 per1577 0.77113565383479 -0.475500638097248
1579 per1578 0.484973867656663 0.390312376018531
1580 per1579 0.72452574595809 -0.777180371223767
1581 per1580 0.0463769061025232 -0.658694833299614
1582 per1581 0.601727391360328 -0.424076988975001
1583 per1582 0.650207939324901 -2.02688862593767
1584 per1583 0.66022159717977 2.30962883881162
1585 per1584 0.519472048385069 -0.769925767933666
1586 per1585 0.289072573417798 -0.813848525594622
1587 per1586 0.604964345460758 -0.726938195186141
1588 per1587 0.341820542467758 -0.0624288416609034
1589 per1588 0.465430137701333 -0.0187995989034302
1590 per1589 0.521717382129282 -0.275071102057382
1591 per1590 0.57991866604425 1.11692862262968
1592 per1591 0.199169628554955 -0.351670188310659
1593 per1592 0.501826162915677 0.961876261037452
1594 per1593 0.744851348688826 -1.67864391051624
1595 per1594 0.766128228046 -0.637760107376897
1596 per1595 0.735762203810737 1.20931115808732
1597 per1596 0.0930706122890115 0.422421489961298
1598 per1597 0.541123289614916 0.536653440938392
1599 per1598 0.80110718193464 0.843228793416797
1600 per1599 0.452038723742589 -0.368169571674979
1601 per1600 0.0362907412927598 0.327553577416567
1602 per1601 0.829679938498884 -1.59835039199445
1603 per1602 0.214741318486631 1.44521139648261
1604 per1603 0.0431465306319296 -0.640266386016833
1605 per1604 0.52166829793714 -1.13320958266256
1606 per1605 0.276121624279767 0.424127326702698
1607 per1606 0.415519965579733 -1.39296111208742
1608 per1607 0.373302096733823 -0.369689644900166
1609 per1608 0.246874063275754 0.350877299358039
1610 per1609 0.182725262129679 -0.28040127467206
1611 per1610 0.617617222480476 0.0930322143185945
1612 per1611 0.128161785658449 -0.741452077606697
1613 per1612 0.82329587242566 0.378256084437791
1614 per1613 0.719983543967828 0.124846217382836
1615 per1614 0.800975991412997 -0.150680954560615
1616 per1615 0.932505338219926 -0.392464447811934
1617 per1616 0.540181382792071 1.04837614853118
1618 per1617 0.958230700576678 -0.196908841734129
1619 per1618 0.3673379085958 -1.05080484596822
1620 per1619 0.782063774298877 0.655034031049934
1621 per1620 0.247786124469712 1.16323596856271
1622 per1621 0.991501963697374 0.464603231496487
1623 per1622 0.0301018573809415 1.90991695403326
1624 per1623 0.566388250794262 1.16998978337476
1625 per1624 0.68113920208998 -0.674090567033024
1626 per1625 0.25394489010796 -0.185456286640643
1627 per1626 0.799070221139118 -0.904224699196293
1628 per1627 0.077914432156831 0.487160662668181
1629 per1628 0.0351087641902268 -0.158134360878368
1630 per1629 0.252031456679106 0.687373169078496
1631 per1630 0.662092458922416 2.53338848691124
1632 per1631 0.0884409188292921 0.0538087305326765
1633 per1632 0.97213585418649 0.139063100715236
1634 per1633 0.215949993114918 -0.73335064697072
1635 per1634 0.867201512213796 1.19157325251152
1636 per1635 0.704450546065345 0.411693075009635
1637 per1636 0.246670111082494 -0.759970648443757
1638 per1637 0.796285564778373 -1.86589834020166
1639 per1638 0.782357993768528 0.403000855214668
1640 per1639 0.896973127964884 -0.122621191118628
1641 per1640 0.0684839971363544 0.750014127952702
1642 per1641 0.0911254857201129 0.135579090725372
1643 per1642 0.342888518469408 0.157596507441179
1644 per1643 0.297694546170533 -1.22343424718958
1645 per1644 0.195031392388046 -0.830695447808234
1646 per1645 0.509498374769464 0.470253281210112
1647 per1646 0.13026851369068 0.794176920404035
1648 per1647 0.749884152319282 -1.13896048066238
1649 per1648 0.371204046765342 -0.710273160020912
1650 per1649 0.389629881363362 -0.496828679452217
1651 per1650 0.246855941601098 -0.464296119290296
1652 per1651 0.331979343434796 0.25129765174871
1653 per1652 0.0980456343386322 -1.53961470823099
1654 per1653 0.904946585884318 -0.954165691218332
1655 per1654 0.0407582519110292 0.761520345235474
1656 per1655 0.000413292786106467 -0.420399392744327
1657 per1656 0.283548641949892 0.631365026030814
1658 per1657 0.515393026638776 -0.143600247513998
1659 per1658 0.554089410929009 0.930088390691974
1660 per1659 0.184496983187273 -0.165448082003871
1661 per1660 0.593665016116574 1.0629980843646
1662 per1661 0.678452816559002 -1.15845145466971
1663 per1662 0.531623652903363 0.637180287339864
1664 per1663 0.163849476957694 1.11279779577472
1665 per1664 0.861893862485886 0.119003153137746
1666 per1665 0.501412730664015 -0.599486761450501
1667 per1666 0.305359022226185 0.649737061080376
1668 per1667 0.52373704733327 0.123095886992901
1669 per1668 0.983805549331009 0.161515434128556
1670 per1669 0.615468587027863 -0.015508249746045
1671 per1670 0.647427610587329 0.155135096867567
1672 per1671 0.758343674009666 1.19098985316595
1673 per1672 0.610883581684902 -1.24121874302392
1674 per1673 0.466608984395862 1.18721293826457
1675 per1674 0.276320545468479 -0.843866347755339
1676 per1675 0.200258002150804 -0.0277833137081579
1677 per1676 0.349152944749221 -1.16199553897269
1678 per1677 0.197161450283602 0.422659889445815
1679 per1678 0.490985938813537 -0.953078221781033
1680 per1679 0.257548056775704 0.961479454877724
1681 per1680 0.688438367331401 -0.160096480755403
1682 per1681 0.792568945558742 0.238275176304314
1683 per1682 0.720241050003096 1.07137592742716
1684 per1683 0.0685483040288091 -0.443187297251941
1685 per1684 0.238846077118069 -0.928806696186405
1686 per1685 0.621989968465641 0.681199373690685
1687 per1686 0.0703686960041523 0.00494216162773383
1688 per1687 0.579056343995035 0.849422160839928
1689 per1688 0.54208279051818 1.54357053165572
1690 per1689 0.45349881099537 -0.0293198048704847
1691 per1690 0.425027949735522 0.25390683728232
1692 per1691 0.0327951197978109 -0.997207797784398
1693 per1692 0.818389465566725 0.426138092908978
1694 per1693 0.489633753662929 -0.607550578755551
1695 per1694 0.783582703908905 -0.66445045967454
1696 per1695 0.896468012128025 0.411591790978688
1697 per1696 0.597741853445768 0.582108886945436
1698 per1697 0.453560800524428 2.48145916670935
1699 per1698 0.328977238386869 -1.51329741035044
1700 per1699 0.246874056290835 0.79069737940971
1701 per1700 0.668699875473976 1.27493644075117
1702 per1701 0.833610337926075 0.0785482178469947
1703 per1702 0.873414274537936 2.04529788603434
1704 per1703 0.680904949782416 -0.490524147818715
1705 per1704 0.669030934339389 0.679063778735179
1706 per1705 0.445919726975262 -2.40114991328066
1707 per1706 0.0726113219279796 -2.16680882249338
1708 per1707 0.884974024724215 -0.124467019964225
1709 per1708 0.765485508134589 0.51561486854836
1710 per1709 0.159365552244708 1.12478029156683
1711 per1710 0.781969067640603 -0.961346505257499
1712 per1711 0.548548219026998 -1.22114294123936
1713 per1712 0.387328915996477 -0.490937722590862
1714 per1713 0.572746261255816 -1.10584605951592
1715 per1714 0.76373721822165 0.191144325895655
1716 per1715 0.791599649935961 0.491117950692078
1717 per1716 0.0369438757188618 0.199407961067789
1718 per1717 0.0141674587503076 0.865818205582211
1719 per1718 0.593077167402953 -0.187338046543959
1720 per1719 0.455471473513171 -0.543835173008271
1721 per1720 0.586952863726765 -0.700576107453783
1722 per1721 0.255112917628139 -0.359536100464594
1723 per1722 0.251177662517875 1.32717100643073
1724 per1723 0.928632033290341 1.68822026458895
1725 per1724 0.949927009409294 -0.00370690248709543
1726 per1725 0.364798655966297 0.38274759082026
1727 per1726 0.179629575926811 1.76086159609326
1728 per1727 0.415655020158738 -0.614576096043523
1729 per1728 0.000350187299773097 -1.50232416433186
1730 per1729 0.729238684521988 1.24308198798362
1731 per1730 0.916374917840585 1.07045895019698
1732 per1731 0.439883969025686 -0.120293360336409
1733 per1732 0.704163703601807 0.210969484165903
1734 per1733 0.842014909721911 -1.04098798705756
1735 per1734 0.613261039135978 2.25908793923805
1736 per1735 0.866294354898855 1.02750024985128
1737 per1736 0.149948090547696 -0.866857836643243
1738 per1737 0.521195701789111 1.48631812003954
1739 per1738 0.147492375457659 -0.173254566604642
1740 per1739 0.643913784762844 -1.02706674843263
1741 per1740 0.743558761896566 0.843942931316266
1742 per1741 0.207982673309743 0.704574186222736
1743 per1742 0.182843232294545 0.513930211381777
1744 per1743 0.638144948752597 -0.239158153830031
1745 per1744 0.270330870756879 -0.282102599681303
1746 per1745 0.751780125545338 -1.31557661549956
1747 per1746 0.989913928788155 1.00374245824227
1748 per1747 0.398295402294025 -1.3668614401412
1749 per1748 0.448864004341885 0.474889700591038
1750 per1749 0.0317867691628635 0.212878476914703
1751 per1750 0.483088194159791 -1.32537294579871
1752 per1751 0.00420267763547599 0.661363294478175
1753 per1752 0.00603319564834237 -0.189847004987851
1754 per1753 0.0448912815190852 -0.51974394066835
1755 per1754 0.686420375015587 1.32315922439623
1756 per1755 0.660943843657151 -1.24229727263103
1757 per1756 0.164090654114261 -1.1954570402141
1758 per1757 0.489716228097677 2.65183776743843
1759 per1758 0.47980501758866 -0.037937283323032
1760 per1759 0.418798434315249 2.38076947257121
1761 per1760 0.333923137979582 0.759768029560765
1762 per1761 0.552954309619963 0.434557826094033
1763 per1762 0.379459822084755 -0.754864268074202
1764 per1763 0.0205283586401492 0.159073256472816
1765 per1764 0.472707842011005 0.0453885506740206
1766 per1765 0.324694323120639 -2.69755649889261
1767 per1766 0.0541488074231893 -0.046541374417409
1768 per1767 0.73813962424174 0.730933952216817
1769 per1768 0.231181319802999 -0.247473068076627
1770 per1769 0.606503259856254 1.39562038858643
1771 per1770 0.907202220754698 1.26009049654364
1772 per1771 0.032780840061605 0.397544071672645
1773 per1772 0.187038357602432 0.812882490505817
1774 per1773 0.987489789957181 0.638585677916167
1775 per1774 0.858648565365002 -1.54638333959715
1776 per1775 0.656066260067746 -0.709647253589746
1777 per1776 0.532302498351783 0.280225222090837
1778 per1777 0.712245534174144 -0.28275964610195
1779 per1778 0.396959668491036 -1.35435800497761
1780 per1779 0.771065263310447 1.11606036385922
1781 per1780 0.863396749366075 -0.631641794885336
1782 per1781 0.0105555627960712 0.603298940694801
1783 per1782 0.348728695185855 1.04665732869773
1784 per1783 0.585814418969676 -2.64860696867476
1785 per1784 0.876661752350628 -0.626335439579962
1786 per1785 0.78197769052349 0.0927671484295332
1787 per1786 0.223864749306813 -0.324092936201586
1788 per1787 0.622540003154427 0.513297096549831
1789 per1788 0.0423088681418449 0.54044876696951
1790 per1789 0.372911096317694 0.183064685756079
1791 per1790 0.696505424799398 -0.0490820051494768
1792 per1791 0.423561584204435 -0.820186829302762
1793 per1792 0.816499070031568 1.83098330844121
1794 per1793 0.0880607881117612 -0.546603522347622
1795 per1794 0.463675748556852 0.69528060096574
1796 per1795 0.280541909625754 -1.88328054449225
1797 per1796 0.345740709220991 1.06971956942699
1798 per1797 0.655748302815482 -0.989223264225365
1799 per1798 0.186431359266862 1.73997031943402
1800 per1799 0.213686764705926 0.780596817903073
1801 per1800 0.243987957015634 0.498135954641744
1802 per1801 0.730444044806063 -0.214447423063576
1803 per1802 0.461808376247063 -0.192587587973648
1804 per1803 0.685986033640802 -0.0408832595731789
1805 per1804 0.544936953810975 0.0786637286237032
1806 per1805 0.0746615882962942 0.0176625190766091
1807 per1806 0.889181587379426 -0.753284469089028
1808 per1807 0.978099783649668 -1.8206488911888
1809 per1808 0.656058530323207 -1.29953600938048
1810 per1809 0.606222197646275 -0.312862211570259
1811 per1810 0.519978377735242 0.473672787321659
1812 per1811 0.0410956088453531 1.96209409776469
1813 per1812 0.436363193904981 -1.03351312939397
1814 per1813 0.360620956635103 0.0608213061296772
1815 per1814 0.902861622394994 -2.47428748627223
1816 per1815 0.917075510835275 -1.95134708284889
1817 per1816 0.566571020754054 -0.0916195525229428
1818 per1817 0.561031785095111 -0.103931995657386
1819 per1818 0.477934750262648 -0.372819256169077
1820 per1819 0.0235571758821607 0.771472119759814
1821 per1820 0.550564812961966 -1.41192186186616
1822 per1821 0.295502052176744 -0.382796469303849
1823 per1822 0.549646474886686 -2.71233948500778
1824 per1823 0.65780708566308 -0.14716821048974
1825 per1824 0.558258513687178 0.48947570356518
1826 per1825 0.140960733406246 -0.349239892027735
1827 per1826 0.895572288427502 0.48824317159842
1828 per1827 0.28100922005251 0.593530283155045
1829 per1828 0.769865689100698 0.203830400494816
1830 per1829 0.816606952808797 0.364081420408052
1831 per1830 0.94853958603926 -0.481294632374453
1832 per1831 0.358736813301221 0.0822974594128047
1833 per1832 0.451235280372202 -0.572385215048178
1834 per1833 0.948195592034608 0.220568080884084
1835 per1834 0.742403925629333 -0.0481626473205523
1836 per1835 0.753703581402078 -1.29770723162282
1837 per1836 0.468589235330001 -1.29694328787014
1838 per1837 0.874529436230659 0.890146254094724
1839 per1838 0.508297248976305 2.7889730743959
1840 per1839 0.187606973573565 0.132196431896632
1841 per1840 0.85640779370442 1.06509541529253
1842 per1841 0.102503321599215 0.040283887017151
1843 per1842 0.476097727194428 1.43446169103178
1844 per1843 0.757071006111801 2.14417381461006
1845 per1844 0.499161120504141 -1.41802825805014
1846 per1845 0.652526090620086 -1.74513837380599
1847 per1846 0.119298793142661 0.125012982275887
1848 per1847 0.0460567148402333 0.00393084827479182
1849 per1848 0.372113502351567 -0.880982441769701
1850 per1849 0.0982349463738501 0.320531795199981
1851 per1850 0.284185272175819 1.74760025039461
1852 per1851 0.395367486169562 -1.07064559486613
1853 per1852 0.204657950438559 0.243247309957609
1854 per1853 0.901886204024777 -1.56620363690558
1855 per1854 0.716881175292656 0.484169293495798
1856 per1855 0.737987784668803 -1.4247643117909
1857 per1856 0.475018395110965 0.164691301718404
1858 per1857 0.696228313958272 -0.836228440330013
1859 per1858 0.0199732601176947 0.604437535216992
1860 per1859 0.620712659321725 -1.61323976440029
1861 per1860 0.292779235169291 -0.110403762947045
1862 per1861 0.64391604764387 0.806227850595138
1863 per1862 0.190793144982308 1.03479702787454
1864 per1863 0.095294262515381 1.09367122737376
1865 per1864 0.0721272937953472 -0.803485271413523
1866 per1865 0.530636813957244 0.72226066317349
1867 per1866 0.913211527746171 1.78063352879587
1868 per1867 0.471822659252211 1.57141505115754
1869 per1868 0.404114562319592 1.26297385184532
1870 per1869 0.579273868585005 0.999679168678504
1871 per1870 0.225794848287478 -0.770333334808227
1872 per1871 0.598230818519369 0.091908295253398
1873 per1872 0.301741526229307 0.0591075049189278
1874 per1873 0.891918561421335 0.562146430740129
1875 per1874 0.471714030718431 0.0268922672188438
1876 per1875 0.566991651430726 0.524864686761242
1877 per1876 0.445749174803495 0.0386737593486813
1878 per1877 0.377243113936856 -0.249185607381881
1879 per1878 0.13354261033237 -0.347964515807344
1880 per1879 0.606121884658933 -0.0953873158972968
1881 per1880 0.17142532276921 0.0756476052641548
1882 per1881 0.556091066915542 -0.862702454547652
1883 per1882 0.800676859682426 -0.143840582780506
1884 per1883 0.884890376590192 1.04739192391481
1885 per1884 0.666171788005158 -1.1589877721338
1886 per1885 0.628545343875885 2.53912586038751
1887 per1886 0.131424089893699 -0.231073086143255
1888 per1887 0.269840052118525 0.0684975505702081
1889 per1888 0.820701996097341 -1.4331513901306
1890 per1889 0.618999550817534 -0.746196636714209
1891 per1890 0.44596085883677 1.24466419202673
1892 per1891 0.0629926361143589 -1.05762187266997
1893 per1892 0.0407384468708187 0.763670403954476
1894 per1893 0.402783134952188 -0.309183844023412
1895 per1894 0.337837017606944 0.165794695722663
1896 per1895 0.584737736964598 2.59941598180919
1897 per1896 0.139177890960127 0.0143512489739649
1898 per1897 0.172919750446454 -1.62247523182047
1899 per1898 0.563289849320427 -0.112918143274243
1900 per1899 0.569432789692655 -1.20265072187819
1901 per1900 0.455063848989084 -0.0204303855584496
1902 per1901 0.408559599891305 -0.314435776694248
1903 per1902 0.650684932013974 -0.19714157555319
1904 per1903 0.770812938222662 -0.410137928602611
1905 per1904 0.557477440219373 -1.18898970880699
1906 per1905 0.0517735395114869 1.24475790499602
1907 per1906 0.051134642213583 -2.41888041391061
1908 per1907 0.0515217690262944 1.47838908165185
1909 per1908 0.418109153164551 -1.1185279443177
1910 per1909 0.0540735791437328 -0.302860906057399
1911 per1910 0.0424385808873922 1.51595945433698
1912 per1911 0.981099306140095 0.354271497008963
1913 per1912 0.432939438149333 0.131719265250907
1914 per1913 0.979956926312298 0.484380765703337
1915 per1914 0.659239805536345 0.738352807185659
1916 per1915 0.741723484825343 -0.184511598742566
1917 per1916 0.207147577079013 0.52882062074435
1918 per1917 0.519855329068378 0.585450723115739
1919 per1918 0.173427153145894 -0.266996979242269
1920 per1919 0.674884773092344 -0.603030082091228
1921 per1920 0.335640356410295 -0.0214548295122836
1922 per1921 0.904751605819911 -0.494440234924839
1923 per1922 0.819981942186132 -0.559380640985304
1924 per1923 0.984150885138661 1.22745118201145
1925 per1924 0.346776123624295 -0.647662635598061
1926 per1925 0.691156622720882 0.699450822813986
1927 per1926 0.440986082190648 -0.568950660319949
1928 per1927 0.282769787823781 1.70933995266376
1929 per1928 0.754805959062651 0.704678936913328
1930 per1929 0.753400006797165 1.46087490324038
1931 per1930 0.684470290318131 -0.339382148942804
1932 per1931 0.303362580714747 -0.779336620308819
1933 per1932 0.556470114504918 1.06022323775886
1934 per1933 0.972418915014714 0.804391228588323
1935 per1934 0.893576227594167 -0.284527280681706
1936 per1935 0.256991854170337 0.8157241359838
1937 per1936 0.364851779071614 1.91137586599918
1938 per1937 0.774240342434496 -1.8847921393833
1939 per1938 0.192590100457892 -1.23906255570665
1940 per1939 0.0971279349178076 -0.255014918137712
1941 per1940 0.0555606628768146 0.380015670701495
1942 per1941 0.980331809492782 -0.548532166133365
1943 per1942 0.263488949509338 0.330068408970702
1944 per1943 0.620673510944471 -1.71248489138462
1945 per1944 0.216165009187534 -0.122527903780135
1946 per1945 0.0168372311163694 0.415826603395849
1947 per1946 0.855992425698787 1.01140942945158
1948 per1947 0.363675761502236 0.818770099370739
1949 per1948 0.573994561331347 -0.338581101975654
1950 per1949 0.775724307633936 -1.53869214800191
1951 per1950 0.94059184496291 0.659063243881235
1952 per1951 0.876147143077105 0.495222005965776
1953 per1952 0.131060114596039 -1.41031081574674
1954 per1953 0.191945427563041 -1.68127577256078
1955 per1954 0.0911564354319125 -0.151419834292687
1956 per1955 0.947940063662827 -1.67457248906847
1957 per1956 0.0388873177580535 0.215141047018448
1958 per1957 0.000752887455746531 0.150716999580819
1959 per1958 0.532952032517642 -0.475647096892224
1960 per1959 0.353713342919946 1.09217006737216
1961 per1960 0.342194962315261 -0.242221154786892
1962 per1961 0.908025392098352 -1.56777634610956
1963 per1962 0.134460540488362 -1.32632449466273
1964 per1963 0.521368882851675 -1.45026604166477
1965 per1964 0.344047227874398 -0.126334896487095
1966 per1965 0.446885878220201 0.189446974184942
1967 per1966 0.209992307703942 -0.822710835615401
1968 per1967 0.838475501164794 0.84507919810583
1969 per1968 0.47137579228729 -0.467539237030421
1970 per1969 0.382612668210641 0.711991991003276
1971 per1970 0.621157353743911 0.281471937021353
1972 per1971 0.914662957191467 0.191512193425668
1973 per1972 0.416508696973324 0.0666450332645089
1974 per1973 0.495365570532158 0.959472620802939
1975 per1974 0.117727502249181 -1.16714003760298
1976 per1975 0.307759847957641 1.48246583094721
1977 per1976 0.288953512907028 0.107804805665955
1978 per1977 0.159321564482525 -0.0207898093195617
1979 per1978 0.873203972587362 1.16084433968582
1980 per1979 0.0220384814310819 -0.524079197472198
1981 per1980 0.703342787921429 -0.00146429860991746
1982 per1981 0.146875340724364 1.11142263312945
1983 per1982 0.871596322627738 0.592416039914349
1984 per1983 0.14969403622672 -1.85132148658371
1985 per1984 0.277343651512638 0.286381478831361
1986 per1985 0.382485445123166 -0.747631914655419
1987 per1986 0.987961343489587 0.388656964852442
1988 per1987 0.220520922448486 0.133477844154922
1989 per1988 0.279568086145446 0.498064987717416
1990 per1989 0.795053769601509 0.208250771794215
1991 per1990 0.269550109049305 -0.0769436329463393
1992 per1991 0.723999052774161 -2.22216542991114
1993 per1992 0.620076377876103 0.493751374115316
1994 per1993 0.145564482780173 0.621638493685286
1995 per1994 0.798969460884109 0.109037942323171
1996 per1995 0.577660486567765 1.06306049587318
1997 per1996 0.658029625192285 -0.0429802540806181
1998 per1997 0.159534404519945 1.91864839147332
1999 per1998 0.147353282663971 -0.451748046176024
2000 per1999 0.560623841360211 -0.769565787272853
